0	0.0	-0.0061043956043955825	0.0	0.0	0.0	
1	0.0	-0.025638461538461714	0.0	0.0	0.0	
2	0.0	-0.023196703296702943	0.0	0.0	0.0	
3	0.0	-0.03540549450549411	0.0	0.0	0.0	
4	0.0	-0.03540549450549411	0.0	0.0	0.0	
5	0.0	-0.023196703296702943	0.0	0.0	0.0	
6	0.0	-0.015871428571428647	0.0	0.0	0.0	
7	0.0	-0.01342967032967055	0.0	0.0	0.0	
8	0.0	-0.018313186813186746	0.0	0.0	0.0	
9	0.0	-0.018313186813186746	0.0	0.0	0.0	
10	0.0	-0.028080219780219812	0.0	0.0	0.0	
11	0.0	-0.03540549450549411	0.0	0.0	0.0	
12	0.0	-0.025638461538461714	0.0	0.0	0.0	
13	0.0	-0.028080219780219812	0.0	0.0	0.0	
14	0.0	-0.025638461538461714	0.0	0.0	0.0	
15	0.0	-0.025638461538461714	0.0	0.0	0.0	
16	0.0	-0.015871428571428647	0.0	0.0	0.0	
17	0.0	-0.025638461538461714	0.0	0.0	0.0	
18	0.0	-0.028080219780219812	0.0	0.0	0.0	
19	0.0	-0.028080219780219812	0.0	0.0	0.0	
20	0.0	-0.015871428571428647	0.0	0.0	0.0	
21	0.0	0.0061043956043955825	0.0	0.0	0.0	
22	0.0	-0.01098791208791178	0.0	0.0	0.0	
23	0.0	-0.01098791208791178	0.0	0.0	0.0	
24	0.0	-0.015871428571428647	0.0	0.0	0.0	
25	0.0	-0.008546153846153681	0.0	0.0	0.0	
26	0.0	-0.018313186813186746	0.0	0.0	0.0	
27	0.0	-0.008546153846153681	0.0	0.0	0.0	
28	0.0	-0.01342967032967055	0.0	0.0	0.0	
29	0.0	-0.01098791208791178	0.0	0.0	0.0	
30	0.0	-0.025638461538461714	0.0	0.0	0.0	
31	0.0	-0.025638461538461714	0.0	0.0	0.0	
32	0.0	-0.03052197802197791	0.0	0.0	0.0	
33	0.0	-0.023196703296702943	0.0	0.0	0.0	
34	0.0	-0.015871428571428647	0.0	0.0	0.0	
35	0.0	0.008546153846153681	0.0	0.0	0.0	
36	0.0	-0.03052197802197791	0.0	0.0	0.0	
37	0.0	-0.015871428571428647	0.0	0.0	0.0	
38	0.0	-0.015871428571428647	0.0	0.0	0.0	
39	0.0	-0.0940076923076925	0.0	0.0	0.0	
40	0.0	-0.01342967032967055	0.0	0.0	0.0	
41	0.0	-0.01098791208791178	0.0	0.0	0.0	
42	0.0	-0.01098791208791178	0.0	0.0	0.0	
43	0.0	-0.003662637362637484	0.0	0.0	0.0	
44	0.0	-0.008546153846153681	0.0	0.0	0.0	
45	0.0	-0.015871428571428647	0.0	0.0	0.0	
46	0.0	-0.01098791208791178	0.0	0.0	0.0	
47	0.0	-0.020754945054944844	0.0	0.0	0.0	
48	0.0	-0.015871428571428647	0.0	0.0	0.0	
49	0.0	-0.025638461538461714	0.0	0.0	0.0	
50	0.0	-0.01342967032967055	0.0	0.0	0.0	
51	0.0	-0.025638461538461714	0.0	0.0	0.0	
52	0.0	-0.01098791208791178	0.0	0.0	0.0	
53	0.0	-0.01342967032967055	0.0	0.0	0.0	
54	0.0	-0.020754945054944844	0.0	0.0	0.0	
55	0.0	-0.028080219780219812	0.0	0.0	0.0	
56	0.0	-0.020754945054944844	0.0	0.0	0.0	
57	0.0	-0.028080219780219812	0.0	0.0	0.0	
58	0.0	-0.018313186813186746	0.0	0.0	0.0	
59	0.0	-0.020754945054944844	0.0	0.0	0.0	
60	0.0	-0.03296373626373601	0.0	0.0	0.0	
61	0.0	-0.015871428571428647	0.0	0.0	0.0	
62	0.0	-0.018313186813186746	0.0	0.0	0.0	
63	0.0	-0.01098791208791178	0.0	0.0	0.0	
64	0.0	-0.0061043956043955825	0.0	0.0	0.0	
65	0.0	0.0012208791208793855	0.0	0.0	0.0	
66	0.0	-0.01098791208791178	0.0	0.0	0.0	
67	0.0	-0.0061043956043955825	0.0	0.0	0.0	
68	0.0	-0.023196703296702943	0.0	0.0	0.0	
69	0.0	-0.008546153846153681	0.0	0.0	0.0	
70	0.0	-0.020754945054944844	0.0	0.0	0.0	
71	0.0	-0.01098791208791178	0.0	0.0	0.0	
72	0.0	-0.028080219780219812	0.0	0.0	0.0	
73	0.0	-0.008546153846153681	0.0	0.0	0.0	
74	0.0	-0.015871428571428647	0.0	0.0	0.0	
75	0.0	-0.008546153846153681	0.0	0.0	0.0	
76	0.0	-0.020754945054944844	0.0	0.0	0.0	
77	0.0	-0.025638461538461714	0.0	0.0	0.0	
78	0.0	-0.023196703296702943	0.0	0.0	0.0	
79	0.0	-0.008546153846153681	0.0	0.0	0.0	
80	0.0	-0.023196703296702943	0.0	0.0	0.0	
81	0.0	-0.015871428571428647	0.0	0.0	0.0	
82	0.0	-0.03052197802197791	0.0	0.0	0.0	
83	0.0	-0.01342967032967055	0.0	0.0	0.0	
84	0.0	-0.020754945054944844	0.0	0.0	0.0	
85	0.0	-0.018313186813186746	0.0	0.0	0.0	
86	0.0	-0.015871428571428647	0.0	0.0	0.0	
87	0.0	-0.018313186813186746	0.0	0.0	0.0	
88	0.0	-0.015871428571428647	0.0	0.0	0.0	
89	0.0	-0.023196703296702943	0.0	0.0	0.0	
90	0.0	-0.01342967032967055	0.0	0.0	0.0	
91	0.0	0.0012208791208793855	0.0	0.0	0.0	
92	0.0	-0.01098791208791178	0.0	0.0	0.0	
93	0.0	-0.020754945054944844	0.0	0.0	0.0	
94	0.0	-0.008546153846153681	0.0	0.0	0.0	
95	0.0	-0.01342967032967055	0.0	0.0	0.0	
96	0.0	-0.015871428571428647	0.0	0.0	0.0	
97	0.0	-0.01098791208791178	0.0	0.0	0.0	
98	0.0	-0.028080219780219812	0.0	0.0	0.0	
99	0.0	-0.025638461538461714	0.0	0.0	0.0	
100	0.0	-0.03052197802197791	0.0	0.0	0.0	
101	0.0	-0.023196703296702943	0.0	0.0	0.0	
102	0.0	-0.025638461538461714	0.0	0.0	0.0	
103	0.0	-0.020754945054944844	0.0	0.0	0.0	
104	0.0	-0.023196703296702943	0.0	0.0	0.0	
105	0.0	-0.03052197802197791	0.0	0.0	0.0	
106	0.0	-0.01342967032967055	0.0	0.0	0.0	
107	0.0	-0.0061043956043955825	0.0	0.0	0.0	
108	0.0	-0.0061043956043955825	0.0	0.0	0.0	
109	0.0	-0.01342967032967055	0.0	0.0	0.0	
110	0.0	-0.018313186813186746	0.0	0.0	0.0	
111	0.0	0.0012208791208793855	0.0	0.0	0.0	
112	0.0	-0.023196703296702943	0.0	0.0	0.0	
113	0.0	0.008546153846153681	0.0	0.0	0.0	
114	0.0	-0.01098791208791178	0.0	0.0	0.0	
115	0.0	-0.01098791208791178	0.0	0.0	0.0	
116	0.0	-0.020754945054944844	0.0	0.0	0.0	
117	0.0	-0.0061043956043955825	0.0	0.0	0.0	
118	0.0	-0.008546153846153681	0.0	0.0	0.0	
119	0.0	-0.01098791208791178	0.0	0.0	0.0	
120	0.0	-0.018313186813186746	0.0	0.0	0.0	
121	0.0	0.0061043956043955825	0.0	0.0	0.0	
122	0.0	-0.015871428571428647	0.0	0.0	0.0	
123	0.0	-0.015871428571428647	0.0	0.0	0.0	
124	0.0	-0.023196703296702943	0.0	0.0	0.0	
125	0.0	-0.003662637362637484	0.0	0.0	0.0	
126	0.0	-0.03784725274725288	0.0	0.0	0.0	
127	0.0	-0.015871428571428647	0.0	0.0	0.0	
128	0.0	-0.0061043956043955825	0.0	0.0	0.0	
129	0.0	-0.0061043956043955825	0.0	0.0	0.0	
130	0.0	-0.0061043956043955825	0.0	0.0	0.0	
131	0.0	-0.015871428571428647	0.0	0.0	0.0	
132	0.0	-0.0061043956043955825	0.0	0.0	0.0	
133	0.0	-0.018313186813186746	0.0	0.0	0.0	
134	0.0	-0.0061043956043955825	0.0	0.0	0.0	
135	0.0	-0.01342967032967055	0.0	0.0	0.0	
136	0.0	0.008546153846153681	0.0	0.0	0.0	
137	0.0	-0.003662637362637484	0.0	0.0	0.0	
138	0.0	-0.0061043956043955825	0.0	0.0	0.0	
139	0.0	-0.008546153846153681	0.0	0.0	0.0	
140	0.0	-0.008546153846153681	0.0	0.0	0.0	
141	0.0	0.0012208791208793855	0.0	0.0	0.0	
142	0.0	0.0012208791208793855	0.0	0.0	0.0	
143	0.0	0.0061043956043955825	0.0	0.0	0.0	
144	0.0	0.0012208791208793855	0.0	0.0	0.0	
145	0.0	-0.01098791208791178	0.0	0.0	0.0	
146	0.0	-0.0061043956043955825	0.0	0.0	0.0	
147	0.0	-0.008546153846153681	0.0	0.0	0.0	
148	0.0	-0.01098791208791178	0.0	0.0	0.0	
149	0.0	-0.01098791208791178	0.0	0.0	0.0	
150	0.0	-0.01342967032967055	0.0	0.0	0.0	
151	0.0	-0.0061043956043955825	0.0	0.0	0.0	
152	0.0	-0.01342967032967055	0.0	0.0	0.0	
153	0.0	-0.01098791208791178	0.0	0.0	0.0	
154	0.0	-0.018313186813186746	0.0	0.0	0.0	
155	0.0	-0.01098791208791178	0.0	0.0	0.0	
156	0.0	-0.028080219780219812	0.0	0.0	0.0	
157	0.0	-0.01342967032967055	0.0	0.0	0.0	
158	0.0	-0.028080219780219812	0.0	0.0	0.0	
159	0.0	-0.008546153846153681	0.0	0.0	0.0	
160	0.0	0.01098791208791178	0.0	0.0	0.0	
161	0.0	-0.01098791208791178	0.0	0.0	0.0	
162	0.0	-0.020754945054944844	0.0	0.0	0.0	
163	0.0	-0.01342967032967055	0.0	0.0	0.0	
164	0.0	-0.008546153846153681	0.0	0.0	0.0	
165	0.0	0.0012208791208793855	0.0	0.0	0.0	
166	0.0	-0.008546153846153681	0.0	0.0	0.0	
167	0.0	-0.01098791208791178	0.0	0.0	0.0	
168	0.0	-0.0061043956043955825	0.0	0.0	0.0	
169	0.0	-0.018313186813186746	0.0	0.0	0.0	
170	0.0	-0.003662637362637484	0.0	0.0	0.0	
171	0.0	-0.015871428571428647	0.0	0.0	0.0	
172	0.0	0.1355175824175822	0.0	0.0	0.0	
173	0.0	-0.018313186813186746	0.0	0.0	0.0	
174	0.0	-0.0061043956043955825	0.0	0.0	0.0	
175	0.0	0.0012208791208793855	0.0	0.0	0.0	
176	0.0	-0.01342967032967055	0.0	0.0	0.0	
177	0.0	-0.01342967032967055	0.0	0.0	0.0	
178	0.0	-0.020754945054944844	0.0	0.0	0.0	
179	0.0	-0.0061043956043955825	0.0	0.0	0.0	
180	0.0	-0.01342967032967055	0.0	0.0	0.0	
181	0.0	-0.008546153846153681	0.0	0.0	0.0	
182	0.0	-0.008546153846153681	0.0	0.0	0.0	
183	0.0	-0.0012208791208793855	0.0	0.0	0.0	
184	0.0	-0.008546153846153681	0.0	0.0	0.0	
185	0.0	-0.0061043956043955825	0.0	0.0	0.0	
186	0.0	0.0012208791208793855	0.0	0.0	0.0	
187	0.0	0.0012208791208793855	0.0	0.0	0.0	
188	0.0	-0.01342967032967055	0.0	0.0	0.0	
189	0.0	-0.018313186813186746	0.0	0.0	0.0	
190	0.0	0.0012208791208793855	0.0	0.0	0.0	
191	0.0	-0.015871428571428647	0.0	0.0	0.0	
192	0.0	-0.020754945054944844	0.0	0.0	0.0	
193	0.0	-0.01098791208791178	0.0	0.0	0.0	
194	0.0	0.0061043956043955825	0.0	0.0	0.0	
195	0.0	-0.015871428571428647	0.0	0.0	0.0	
196	0.0	-0.020754945054944844	0.0	0.0	0.0	
197	0.0	-0.015871428571428647	0.0	0.0	0.0	
198	0.0	-0.01342967032967055	0.0	0.0	0.0	
199	0.0	-0.03540549450549411	0.0	0.0	0.0	
200	50.0	-0.008546153846153681	0.0	0.0	0.0	
201	50.0	-0.023196703296702943	0.0030679628906250004	0.15339814453125003	7.6699072265625015	
202	50.0	-0.01098791208791178	0.016873795898437502	0.7833323307179433	36.7814678247008	
203	50.0	-0.0061043956043955825	0.0383495361328125	1.5489020999428704	63.81860407557561	
204	50.0	0.0012208791208793855	0.0690291650390625	2.4734380833276903	91.32352877478581	
205	50.0	0.7606076923076918	0.10737870117187501	3.4176928798110833	112.8055026957525	
206	50.0	1.3344208791208791	0.156466107421875	4.527305885867871	137.99767662850252	
207	50.0	1.8716076923076916	0.21475740234375001	5.660514646323525	159.03413435104866	
208	50.0	2.2061285714285708	0.2822525859375	6.808034955649702	177.18313833031576	
209	50.0	2.435653846153847	0.358951658203125	7.964235658389498	193.35828640697503	
210	50.0	2.638319780219779	0.444854619140625	9.125701286015982	208.20126110021909	
211	50.0	2.7579659340659344	0.5384274873046876	10.213661179828382	218.3194151799508	
212	50.0	2.855636263736264	0.6427382255859375	11.41043573573867	234.38464979338613	
213	50.0	2.9362142857142843	0.7562528525390626	12.596510649963879	248.53008608210553	
214	50.0	2.9655153846153843	0.87743738671875	13.699396831017324	257.8425181871452	
215	50.0	2.9923747252747255	1.0093597910156251	14.905224638020776	273.1869726647202	
216	50.0	3.029001098901099	1.1489521025390625	16.020091554487514	282.9195133796811	
217	50.0	3.0656274725274724	1.297748302734375	17.156486972776726	294.49753759724285	
218	50.0	3.0778362637362635	1.4557483916015626	18.305940087833434	306.8601629754413	
219	50.0	3.0778362637362635	1.6229523691406251	19.463313096539906	319.4956422221343	
220	50.0	3.0778362637362635	1.7993602353515628	20.625489763697047	332.1734712993484	
221	50.0	3.0924868131868135	1.9849719902343752	21.790579997062366	344.80229598513074	
222	50.0	3.08271978021978	2.1797876337890627	22.95743739771008	357.35609570474276	
223	50.0	3.094928571428571	2.3838071660156253	24.125366639524486	369.83691324654296	
224	50.0	3.107137362637362	2.59549660546875	25.217246913620855	378.42184545987584	
225	50.0	3.094928571428571	2.8163899335937503	26.33970022817003	389.6612233693262	
226	50.0	3.102253846153846	3.0464871503906252	27.480697029617914	402.0352315962233	
227	50.0	3.0900450549450547	3.284254274414063	28.556241952447664	410.97414634482175	
228	50.0	3.1046956043956047	3.532759268554688	29.745486447613047	426.517173353702	
229	50.0	3.114462637362637	3.7889341699218755	30.850295076737325	436.62800409584815	
230	50.0	3.107137362637362	4.054312959960938	31.98058983520349	448.5918665695549	
231	50.0	3.109579120879121	4.3288956386718755	33.126342712932626	461.2833722931905	
232	50.0	3.1046956043956047	4.611148224609376	34.20477234192512	470.3409079934381	
233	50.0	3.1120208791208785	4.9041386806640626	35.39576649987009	485.91102868633743	
234	50.0	3.114462637362637	5.204799043945313	36.50163635314294	496.0110875176715	
235	50.0	3.102253846153846	5.514663295898438	37.6325747766096	507.95191579281936	
236	50.0	3.1193461538461533	5.833731436523438	38.778718056906825	520.6194423851441	
237	50.0	3.0924868131868135	6.162003465820313	39.93408354929835	533.4913173497575	
238	50.0	3.1120208791208785	6.499479383789063	41.095042596227756	546.3437420419075	
239	50.0	3.0998120879120874	6.846159190429688	42.25939430557287	559.0973967911184	
240	50.0	3.109579120879121	7.2020428857421885	43.425803768747414	571.7383928955619	
241	50.0	3.109579120879121	7.567130469726563	44.59346132274328	584.2790625853881	
242	50.0	3.121787912087912	7.941421942382813	45.76187588210894	596.7394749805619	
243	50.0	3.1046956043956047	8.323383322265625	46.85405051618784	605.3044847674164	
244	50.0	3.107137362637362	8.716082572265625	48.05338144136192	620.3621557988902	
245	50.0	3.114462637362637	9.1179857109375	49.24100687196534	633.8567255318362	
246	50.0	3.107137362637362	9.529092738281252	50.421532561031654	646.5852321334055	
247	50.0	3.0998120879120874	9.947869672851564	51.5210529667969	655.1245364069625	
248	50.0	3.0851615384615387	10.377384477539064	52.724839327839106	670.0523987215452	
249	50.0	3.116904395604396	10.814569189453126	53.83846804470659	679.5640054339219	
250	50.0	3.1046956043956047	11.260957790039063	54.97411245695548	691.0272788519615	
251	50.0	3.09737032967033	11.716550279296875	56.12311006381094	703.3319815519412	
252	50.0	3.109579120879121	12.181346657226564	57.280206792820195	715.9394114985494	
253	50.0	3.102253846153846	12.653812942382814	58.36551681560013	724.7695700042373	
254	50.0	3.114462637362637	13.135483116210938	59.483985071175425	736.2598443482584	
255	50.0	3.109579120879121	13.626357178710938	60.62256481210943	748.8479916271067	
256	50.0	3.0900450549450547	14.124901148437502	61.69664371359136	757.9543705385004	
257	50.0	3.0998120879120874	14.631115025390626	62.73160087730582	765.9518572655525	
258	50.0	3.0998120879120874	15.146532791015627	63.81952857922511	777.7200144240351	
259	50.0	3.114462637362637	15.669620463867188	64.86288546523338	787.1166198375095	
260	50.0	3.107137362637362	16.201912025390627	65.95590785639502	799.6027802546055	
261	50.0	3.1315549450549445	16.740339512695314	66.92565575544882	805.5207070302613	
262	50.0	3.1193461538461533	17.289504870117188	68.05073111024558	820.8764231597092	
263	50.0	3.107137362637362	17.844806153320313	69.03992011500645	828.0364401274733	
264	50.0	3.107137362637362	18.409311325195315	70.10008802452796	840.00828364265	
265	50.0	3.0924868131868135	18.98302038574219	71.20330681714813	853.7950146404964	
266	50.0	3.114462637362637	19.564399353515626	72.25593821873895	864.1781897317937	
267	50.0	3.102253846153846	20.154982209960938	73.35458588810798	877.1185278401399	
268	50.0	3.1120208791208785	20.753234973632814	74.40444476322205	887.0594149119752	
269	50.0	3.1120208791208785	21.362225607421877	75.57810988249821	903.6095546907045	
270	50.0	3.0900450549450547	21.978886148437503	76.6734691422298	914.5734699730583	
271	50.0	3.1120208791208785	22.604750578125003	77.79803256828882	927.2016802297017	
272	50.0	3.1046956043956047	23.239818896484376	78.94030921709691	940.3852482923508	
273	50.0	3.1046956043956047	23.882557122070313	80.01663040661174	949.7952858946464	
274	50.0	3.102253846153846	24.53603321777344	81.20634573133475	965.6119933934201	
275	50.0	3.114462637362637	25.197179220703127	82.31143993302953	975.881498939214	
276	50.0	3.109579120879121	25.86752911230469	83.44190790001949	987.9371622536264	
277	50.0	3.102253846153846	26.54708289257813	84.58776583403187	1000.6816548279985	
278	50.0	3.0998120879120874	27.23584056152344	85.74295825514855	1013.6046487985213	
279	50.0	3.1120208791208785	27.933802119140626	86.90381232904087	1026.4907697771114	
280	50.0	3.0998120879120874	28.639433583984378	87.99140129675266	1035.431540943459	
281	50.0	3.129113186813187	29.355802918945315	89.18795087460444	1050.788424137862	
282	50.0	3.1193461538461533	30.079842161132817	90.2971902604695	1060.6727680746944	
283	50.0	3.126671428571428	30.81308529199219	91.43017240881773	1072.4303666442524	
284	50.0	3.0998120879120874	31.55553231152344	92.57755527094946	1084.9549814412749	
285	50.0	3.0876032967032963	32.305649238281255	93.65697353548421	1093.8859484623085	
286	50.0	3.107137362637362	33.06650403515625	94.84856733121296	1109.3639293261604	
287	50.0	3.121787912087912	33.835028739257815	95.95480088319687	1119.3987789094085	
288	50.0	3.109579120879121	34.61275733203125	97.08595990108802	1131.2944007164929	
289	50.0	3.0924868131868135	35.39968981347656	98.23223697867024	1143.931078232591	
290	50.0	3.1120208791208785	36.19429220214844	99.3109845509548	1152.9472082929628	
291	50.0	3.126671428571428	36.99809847949219	100.42547247899347	1164.652317962475	
292	50.0	3.094928571428571	37.811108645507815	101.56163802917467	1177.432658556449	
293	50.0	3.1339967032967033	38.633322700195315	102.71095172217383	1190.528099860186	
294	50.0	3.1193461538461533	39.46474064355469	103.8682401671249	1203.6102222837803	
295	50.0	3.109579120879121	40.30382849414063	104.95366647150513	1212.7253153961406	
296	50.0	3.09737032967033	41.153654214843755	106.14890432770449	1228.2215569001114	
297	50.0	3.09737032967033	42.00961586132813	107.18064904188259	1234.3758679395396	
298	50.0	3.1120208791208785	42.87631537792969	108.34332736687725	1248.9109856754512	
299	50.0	3.1193461538461533	43.750684801757814	109.43202279884463	1258.8235591439197	
300	50.0	3.1120208791208785	44.63425811425782	110.55254440894441	1270.9177125013684	
301	50.0	3.09737032967033	45.52550133398438	111.6156705001199	1280.0052502262834	
302	50.0	3.129113186813187	46.42748242382813	112.79738259292617	1295.8315188824945	
303	50.0	3.09737032967033	47.33713342089844	113.89762258895325	1306.2312637798423	
304	50.0	3.1193461538461533	48.252920343750006	114.87174818676704	1310.7714908382732	
305	50.0	3.1120208791208785	49.179445136718755	115.99947875015232	1325.223522102703	
306	50.0	3.1046956043956047	50.112105855468755	116.99027822037442	1331.7941413156386	
307	50.0	3.114462637362637	51.05243648144532	117.97472385433548	1339.5485026811439	
308	50.0	3.109579120879121	52.00197099609375	119.0320147639568	1351.9545877711344	
309	50.0	3.116904395604396	52.960709399414064	120.13348856788343	1366.0494333443166	
310	50.0	3.129113186813187	53.92711770996094	121.18506158030186	1376.6466217624338	
311	50.0	3.126671428571428	54.90272990917969	122.2830673041708	1389.7332221425213	
312	50.0	3.102253846153846	55.886012015625006	123.33253681964652	1399.7728032161403	
313	50.0	3.09737032967033	56.87849801074219	124.42926670809084	1412.5539043750878	
314	50.0	3.0998120879120874	57.880187894531254	125.55466146251092	1426.2629820532202	
315	50.0	3.116904395604396	58.89108166699219	126.69744233747178	1440.08920325076	
316	50.0	3.121787912087912	59.909645346679696	127.77406935561658	1449.881189609404	
317	50.0	3.126671428571428	60.93741291503907	128.88727110251966	1462.0898518808026	
318	50.0	3.1120208791208785	61.972850390625005	129.9459574721218	1471.3606574647984	
319	50.0	3.1242296703296697	63.01749175488282	131.048277665333	1483.5321621870326	
320	50.0	3.116904395604396	64.0698030263672	132.10036403881622	1492.949625086705	
321	50.0	3.114462637362637	65.13285216796875	133.27538020418388	1509.147657243061	
322	50.0	3.0924868131868135	66.20357121679687	134.37155891481507	1519.877001379291	
323	50.0	3.1046956043956047	67.28196017285157	135.41992029071662	1528.5152419933056	
324	50.0	3.094928571428571	68.36955301757813	136.51597805851588	1540.4636173559602	
325	50.0	3.0900450549450547	69.46481576953126	137.56426607888216	1549.8431183134226	
326	50.0	3.1193461538461533	70.57081639160157	138.7369784265652	1566.0771850132596	
327	50.0	3.109579120879121	71.68448692089845	139.83175980109763	1576.8642066803832	
328	50.0	3.126671428571428	72.8073613388672	140.95597272205669	1589.3941109228936	
329	50.0	3.107137362637362	73.93790566406251	142.0213377065029	1598.688549673585	
330	50.0	3.109579120879121	75.07765387792969	143.12770868449252	1610.770544553865	
331	50.0	3.0705109890109887	76.22660598046876	144.25895105547534	1623.9056859803668	
332	50.0	3.126671428571428	77.38322799023439	145.32857961699665	1633.457920519968	
333	50.0	3.1242296703296697	78.5505878701172	146.51423565753703	1649.4649367927368	
334	50.0	3.1193461538461533	79.72408367578126	147.5401687065846	1656.0780336112612	
335	50.0	3.126671428571428	80.90524938867188	148.54592393386702	1663.311875871539	
336	50.0	3.1046956043956047	82.09561899023439	149.61613976553735	1675.070912713305	
337	50.0	3.1242296703296697	83.29365849902345	150.64875385890718	1684.73738373793	
338	50.0	3.1242296703296697	84.50090189648438	151.73526041678315	1697.554262875342	
339	50.0	3.114462637362637	85.71581520117188	152.77775533533622	1707.6090473469985	
340	50.0	3.094928571428571	86.93993239453125	153.8702549167947	1720.5078160658977	
341	50.0	3.107137362637362	88.1717194951172	154.91638478798995	1730.5190850820954	
342	50.0	3.1120208791208785	89.41271048437501	156.01108907973503	1743.33494138892	
343	50.0	3.0998120879120874	90.6629053623047	157.13525524761462	1757.0965946177585	
344	50.0	3.109579120879121	91.92077014746094	158.2005918748864	1767.1388538658566	
345	50.0	3.107137362637362	93.18630483984376	159.23024658111444	1775.8399121233124	
346	50.0	3.09737032967033	94.45950943945313	160.238259107643	1784.282299946608	
347	50.0	3.114462637362637	95.74038394628907	161.23314498828586	1792.9043049610964	
348	50.0	3.102253846153846	97.03046234179688	162.29676822778583	1805.674309801415	
349	50.0	3.1193461538461533	98.32821064453125	163.32538371176997	1816.0564704677627	
350	50.0	3.126671428571428	99.6336288544922	164.33276591812864	1825.5346570740958	
351	50.0	3.0998120879120874	100.94825095312501	165.4039685625139	1838.6296601258455	
352	50.0	3.0998120879120874	102.2720769404297	166.513880260336	1852.9260455528156	
353	50.0	3.1193461538461533	103.60357283496094	167.57057111424183	1863.5142754098115	
354	50.0	3.114462637362637	104.94427261816408	168.67168096597015	1876.5158661329751	
355	50.0	3.0876032967032963	106.29264230859376	169.72303323021333	1886.4556209476614	
356	50.0	3.116904395604396	107.65021588769532	170.82090506354325	1899.146900036978	
357	50.0	3.114462637362637	109.01699335546876	171.94699244256662	1912.7837420640262	
358	50.0	3.116904395604396	110.39144073046876	173.01349434333224	1922.7204270663688	
359	50.0	3.107137362637362	111.77355801269532	174.0438558236783	1931.3393327640651	
360	50.0	3.116904395604396	113.16487918359375	175.12899610265595	1943.5558567021008	
361	50.0	3.09737032967033	114.56540424316407	176.24736140340883	1957.1027048648193	
362	50.0	3.1193461538461533	115.97359920996095	177.30917962681997	1967.1048744576256	
363	50.0	3.109579120879121	117.3909980654297	178.41339938543842	1979.67127748874	
364	50.0	3.1046956043956047	118.81606682812502	179.46663790361436	1989.2987224677127	
365	50.0	3.1315549450549445	120.24880549804689	180.48895473555058	1997.9362935654535	
366	50.0	3.1120208791208785	121.69074805664063	181.56921568848793	2010.2892228320097	
367	50.0	3.094928571428571	123.14189450390626	182.68462152831944	2023.9946724098163	
368	50.0	3.109579120879121	124.60071085839844	183.74464474789602	2034.1390545308232	
369	50.0	3.1120208791208785	126.0671971201172	184.77107670935766	2042.9846702673058	
370	50.0	3.0998120879120874	127.54135328906251	185.77713454232435	2051.564846274354	
371	50.0	3.1193461538461533	129.0231793652344	186.770834841358	2060.300817081772	
372	50.0	3.1046956043956047	130.51267534863283	187.75703991697992	2069.3234263650947	
373	50.0	3.114462637362637	132.0098412392578	188.73869890967944	2078.6364319984887	
374	50.0	3.1120208791208785	133.51621101855469	189.79429963589064	2092.0312114259577	
375	50.0	3.109579120879121	135.03178468652345	190.89474829173014	2106.7520106758593	
376	50.0	3.126671428571428	136.55502826171877	191.94569952038637	2117.7447989675156	
377	50.0	3.1242296703296697	138.08747572558596	193.04332811332915	2131.0810107638363	
378	50.0	3.1046956043956047	139.6275930966797	194.09256888733034	2141.2778527313903	
379	50.0	3.09737032967033	141.17691435644534	195.18916003705453	2154.157894089678	
380	50.0	3.121787912087912	142.7339055234375	196.23777156991582	2164.094185633404	
381	50.0	3.109579120879121	144.29856659765628	197.2572819933239	2172.991025464242	
382	50.0	3.102253846153846	145.8724315605469	198.33584077339583	2185.5448453027147	
383	50.0	3.109579120879121	147.4555004121094	199.45021419317345	2199.3986078277803	
384	50.0	3.1242296703296697	149.04470518945314	200.4329121460487	2205.8140455243074	
385	50.0	3.116904395604396	150.6446478369141	201.56584210574238	2221.270160197617	
386	50.0	3.1120208791208785	152.25226039160157	202.6364942415894	2232.203896322774	
387	50.0	3.1120208791208785	153.86754285351563	203.6693729668259	2241.3630131630807	
388	50.0	3.136438461538461	155.49202920410158	204.75604003205353	2253.868051730762	
389	50.0	3.1242296703296697	157.12418546191407	205.79863230323463	2263.731199642616	
390	50.0	3.141321978021978	158.76401162695313	206.81449185978545	2272.677267584929	
391	50.0	3.114462637362637	160.41304168066407	207.89083627711625	2285.3177121828467	
392	50.0	3.1242296703296697	162.06974164160158	208.92716754568664	2295.423492230919	
393	50.0	3.0900450549450547	163.73257752832032	209.86253053982455	2300.77912112983	
394	50.0	3.136438461538461	165.40615128515626	210.96675039499314	2316.32842848387	
395	50.0	3.09737032967033	167.08739494921878	212.01998897172598	2327.765094937369	
396	50.0	3.114462637362637	168.77630852050783	213.04230583918252	2337.500013449084	
397	50.0	3.1046956043956047	170.47442598046877	214.1225668136649	2350.5185170324094	
398	50.0	3.109579120879121	172.18021334765626	215.1612735942963	2360.7927039022143	
399	50.0	3.0998120879120874	173.89367062207032	216.17477648163367	2370.0484940852384	
400	0.0	3.114462637362637	175.61479780371096	217.1729924345309	2379.0784843600395	
401	0.0	3.1120208791208785	177.3405269296875	218.0085382482048	2380.5393054900833	
402	0.0	3.109579120879121	179.06472207421876	218.4386233432906	2364.5986954850523	
403	0.0	3.126671428571428	180.7873832373047	218.6227840745596	2344.407989214982	
404	0.0	3.1193461538461533	182.50851041894532	218.65778413515727	2325.4632845315227	
405	0.0	2.34775054945055	184.22810361914065	218.6023136733129	2309.593579341452	
406	0.0	1.7202186813186815	185.94616283789065	218.4919700643186	2296.9956588031364	
407	0.0	1.2416340659340661	187.66268807519532	218.34834420827428	2287.2353846221904	
408	0.0	0.9266472527472525	189.3776793310547	218.1845316484323	2279.7137271949796	
409	0.0	0.6482868131868131	191.09267058691407	218.08517430574102	2277.69869103404	
410	0.0	0.4944560439560442	192.8030598984375	217.7948138126976	2266.5165309851072	
411	0.0	0.3626010989010988	194.51344920996095	217.61870126651593	2264.248949302324	
412	0.0	0.24539670329670335	196.22077055859376	217.35848546026318	2257.9420133862004	
413	0.0	0.18679450549450563	197.9280919072266	217.2006565913489	2258.162692629967	
414	0.0	0.1379593406593403	199.63387927441408	217.02822946849483	2256.9156286644484	
415	0.0	0.1013329670329668	201.33659867871094	216.77024898455056	2251.1703643402834	
416	0.0	0.062264835164835206	203.03778410156252	216.53707683491666	2247.8620045633197	
417	0.0	0.04028901098901098	204.73743554296877	216.3189517010651	2245.645963672292	
418	0.0	0.03540549450549411	206.4340190214844	216.03325397160734	2240.023531861556	
419	0.0	0.018313186813186746	208.1290685185547	215.78327046230697	2237.220642168608	
420	0.0	0.023196703296702943	209.8225840341797	215.55494872311647	2235.5725799429074	
421	0.0	0.0012208791208793855	211.51303158691408	215.26306643972566	2230.453189037471	
422	0.0	-0.0061043956043955825	213.20194515820313	215.00933180875109	2228.051571140324	
423	0.0	0.003662637362637484	214.8908587294922	214.85543397145557	2230.5401714176896	
424	0.0	-0.018313186813186746	216.57823831933595	214.68539113986844	2230.60754852002	
425	0.0	-0.015871428571428647	218.26254994628908	214.42885680172185	2225.6224602874863	
426	0.0	-0.01342967032967055	219.94686157324222	214.27326085614004	2226.5876384896346	
427	0.0	-0.008546153846153681	221.6281052373047	214.0254889975222	2221.922463210947	
428	0.0	-0.025638461538461714	223.3093489013672	213.87520776457495	2222.94543286911	
429	0.0	-0.01342967032967055	224.9890585839844	213.7073585144717	2222.0676263804835	
430	0.0	-0.018313186813186746	226.66570030371096	213.452154650784	2216.475147865096	
431	0.0	-0.01098791208791178	228.3423420234375	213.29736567877808	2217.051238019618	
432	0.0	-0.0061043956043955825	230.01744976171878	213.1267823466569	2215.972475090952	
433	0.0	0.003662637362637484	231.69102351855472	212.94661925061337	2214.1355754886663	
434	0.0	-0.01342967032967055	233.3615293125	212.68394666161294	2208.1528424349253	
435	0.0	0.0012208791208793855	235.03356908789064	212.60132675086243	2212.4433141630525	
436	0.0	0.003662637362637484	236.70100691894532	212.32111802372856	2204.8253920078387	
437	0.0	-0.025638461538461714	238.3669107685547	212.07446376272492	2200.726829106994	
438	0.0	-0.025638461538461714	240.02974665527347	211.77146224248827	2194.4061820865554	
439	0.0	-0.025638461538461714	241.6925825419922	211.5876825255291	2195.2838093027003	
440	0.0	0.01342967032967055	243.35235046582034	211.3228163450076	2191.0037539543428	
441	0.0	-0.01098791208791178	245.01058440820316	211.08546780916913	2188.691152311787	
442	0.0	-0.0012208791208793855	246.66728436914065	210.86480956897685	2187.144006841938	
443	0.0	-0.01098791208791178	248.32398433007813	210.7309735773415	2189.6365744753602	
444	0.0	-0.0061043956043955825	249.977616328125	210.496399798305	2185.5594677550544	
445	0.0	-0.018313186813186746	251.62818036328127	210.20072546096526	2179.0639982265693	
446	0.0	-0.018313186813186746	253.2787443984375	210.0213899052087	2179.721661726766	
447	0.0	-0.01342967032967055	254.92777445214847	209.83591831704325	2179.07404411837	
448	0.0	-0.025638461538461714	256.57527052441407	209.6467250370024	2177.7301410834134	
449	0.0	-0.0061043956043955825	258.2212326152344	209.45527443666106	2176.021787217227	
450	0.0	-0.003662637362637484	259.86566072460937	209.26245470231152	2174.1274812408083	
451	0.0	-0.025638461538461714	261.5085548525391	209.06880454619204	2172.1416779218325	
452	0.0	-0.0012208791208793855	263.1483810175782	208.79795164153256	2166.278337061349	
453	0.0	-0.01342967032967055	264.7882071826172	208.6336710461237	2166.933463850017	
454	0.0	-0.03052197802197791	266.426499366211	208.4573307532337	2166.0502219009322	
455	0.0	-0.015871428571428647	268.0632575683594	208.27367588388552	2164.421425288616	
456	0.0	0.0012208791208793855	269.6969478076172	208.0088854272708	2158.6192057770913	
457	0.0	0.0012208791208793855	271.3291040654297	207.77158282029995	2155.3821874634486	
458	0.0	-0.01098791208791178	272.9612603232422	207.62765150964515	2157.108594402218	
459	0.0	-0.01342967032967055	274.59034861816406	207.38695460993586	2152.7237572639697	
460	0.0	-0.01098791208791178	276.21790293164065	207.16426548433992	2149.9718002553036	
461	0.0	0.01098791208791178	277.8439232636719	206.95249862613855	2147.930236838345	
462	0.0	-0.008546153846153681	279.46994359570317	206.82405553044373	2149.9846749845647	
463	0.0	-0.01098791208791178	281.0913619833985	206.51605363596354	2141.7230229102943	
464	0.0	-0.01098791208791178	282.71124638964847	206.2525419663616	2137.666166951756	
465	0.0	-0.0012208791208793855	284.32959681445317	206.0160149829644	2135.467881641195	
466	0.0	-0.015871428571428647	285.94641325781254	205.79585503952512	2133.9772984234723	
467	0.0	-0.01098791208791178	287.5601617382813	205.50892313562508	2128.8265176819896	
468	0.0	-0.0061043956043955825	289.1723762373047	205.25819106166819	2126.328888695387	
469	0.0	-0.015871428571428647	290.78305675488286	205.02941529504642	2124.877615693512	
470	0.0	-0.015871428571428647	292.39373727246095	204.89065577462497	2127.554550272728	
471	0.0	-0.01098791208791178	294.0013498271485	204.65309572435217	2123.665822457082	
472	0.0	-0.01342967032967055	295.60896238183597	204.50900826642464	2125.000950510753	
473	0.0	-0.020754945054944844	297.21504095507817	204.34491573087325	2124.216172233366	
474	0.0	-0.020754945054944844	298.81958554687503	204.168689502063	2122.456659596408	
475	0.0	-0.0061043956043955825	300.4210621757813	203.90840474381184	2116.4596507646165	
476	0.0	-0.008546153846153681	302.0210048232422	203.6738349811203	2113.0344287957587	
477	0.0	-0.0061043956043955825	303.62094747070313	203.5315612243503	2114.604192143869	
478	0.0	-0.01098791208791178	305.2193561367188	203.36856875418744	2113.933526592571	
479	0.0	0.01098791208791178	306.81469683984375	203.11631067651797	2108.3911685745434	
480	0.0	-0.025638461538461714	308.4100375429688	202.96330841409326	2108.95185507091	
481	0.0	0.0012208791208793855	310.0038442646485	202.7938087761413	2107.835968258418	
482	0.0	-0.0061043956043955825	311.59611700488284	202.6143029738596	2105.959701797102	
483	0.0	-0.01342967032967055	313.1853217822266	202.35202905369079	2099.9428714424166	
484	0.0	0.01098791208791178	314.772992578125	202.11625280327826	2096.536556084475	
485	0.0	-0.0061043956043955825	316.35912939257815	201.89654820242686	2094.301592629232	
486	0.0	-0.0012208791208793855	317.9421982441406	201.6098924777889	2088.69224243349	
487	0.0	-0.01098791208791178	319.5237331142578	201.35932791501364	2085.912182764163	
488	0.0	-0.020754945054944844	321.10373400292974	201.13065374906364	2084.2870023007263	
489	0.0	-0.0012208791208793855	322.68220091015627	200.9152567803012	2083.0219232933405	
490	0.0	-0.01098791208791178	324.2591338359375	200.70791283892686	2081.768813105552	
491	0.0	0.008546153846153681	325.8345327802735	200.50545330569366	2080.3977479003006	
492	0.0	-0.0012208791208793855	327.4083977431641	200.30595631583856	2078.879192939593	
493	0.0	0.0012208791208793855	328.9822627060547	200.18495527169034	2081.0600706980695	
494	0.0	-0.0061043956043955825	330.5545936875	200.03486535429693	2080.4293007883616	
495	0.0	-0.023196703296702943	332.1238567060547	199.79043307068787	2074.7105221915717	
496	0.0	-0.0061043956043955825	333.6931197246094	199.6421773924194	2075.042522914384	
497	0.0	-0.0012208791208793855	335.2593147802735	199.39885763110215	2069.879174122745	
498	0.0	-0.023196703296702943	336.8255098359375	199.25127673173847	2070.530761735209	
499	0.0	-0.0061043956043955825	338.39017091015626	199.08506531679086	2069.3857138436424	
500	0.0	-0.015871428571428647	339.9532980029297	198.90755392263964	2067.440632550979	
501	0.0	-0.008546153846153681	341.51489111425786	198.72318874443954	2065.186006958621	
502	0.0	-0.008546153846153681	343.07495024414067	198.53466653598298	2062.850200997498	
503	0.0	-0.01098791208791178	344.63347539257813	198.34362296113613	2060.5297932571802	
504	0.0	-0.020754945054944844	346.1904665595703	198.1510501002449	2058.2579290952654	
505	0.0	-0.020754945054944844	347.74592374511724	197.95754968045367	2056.039286582156	
506	0.0	-0.003662637362637484	349.29984694921876	197.76348666772174	2053.867347008407	
507	0.0	0.008546153846153681	350.8491682089844	197.4156842805969	2044.062574588661	
508	0.0	-0.003662637362637484	352.39848946875003	197.2047314635529	2043.5235701485526	
509	0.0	0.0012208791208793855	353.94781072851566	197.07678210879385	2046.4766990883109	
510	0.0	0.0061043956043955825	355.49559800683596	196.92247782786944	2046.4223607231443	
511	0.0	-0.020754945054944844	357.04031732226565	196.67548940348934	2041.1187336065768	
512	0.0	-0.003662637362637484	358.58350265625	196.4489842751791	2037.9073276069857	
513	0.0	-0.003662637362637484	360.1251540087891	196.2349028942881	2035.6464283387513	
514	0.0	-0.015871428571428647	361.6652713798828	196.02835689730273	2033.7688668732017	
515	0.0	-0.01342967032967055	363.20232078808596	195.7496822695648	2028.1716921650996	
516	0.0	-0.01342967032967055	364.73783621484375	195.50395848690096	2025.2749212584686	
517	0.0	-0.01098791208791178	366.2718176601563	195.27822040258252	2023.5036837911248	
518	0.0	0.0061043956043955825	367.8057991054688	195.14130332965215	2025.9393179572044	
519	0.0	-0.015871428571428647	369.33671258789064	194.90486078030517	2021.875586291867	
520	0.0	-0.020754945054944844	370.8660920888672	194.68475204870265	2019.2522397913972	
521	0.0	0.018313186813186746	372.3954715898438	194.55124935089043	2021.0835143170443	
522	0.0	-0.020754945054944844	373.92331710937503	194.39357679705063	2020.4350843534912	
523	0.0	-0.015871428571428647	375.44962864746094	194.2212444840843	2018.6584484894938	
524	0.0	-0.015871428571428647	376.9728722226563	193.9633215052454	2012.5905083888383	
525	0.0	0.0061043956043955825	378.4961157978516	193.80688330648627	2012.9204953358922	
526	0.0	-0.01098791208791178	380.0178253916016	193.63529966774877	2011.7181066695694	
527	0.0	-0.0012208791208793855	381.5380010039063	193.454529855062	2009.821777778281	
528	0.0	-0.015871428571428647	383.05510865332036	193.1914892738132	2003.8124327206997	
529	0.0	-0.0012208791208793855	384.5706823212891	192.95524801993452	2000.4225780430315	
530	0.0	-0.0012208791208793855	386.08625598925784	192.81196045246907	2002.039782328552	
531	0.0	-0.015871428571428647	387.6002956757813	192.64835307501926	2001.413654645552	
532	0.0	-0.01098791208791178	389.1128013808594	192.4724211094872	1999.742824861286	
533	0.0	-0.008546153846153681	390.6207051416016	192.13561575866697	1989.9600758615834	
534	0.0	-0.015871428571428647	392.1301428837891	192.00803205376724	1993.0983927962534	
535	0.0	-0.003662637362637484	393.63651266308597	191.77725047842978	1989.3157376208637	
536	0.0	-0.008546153846153681	395.1398144794922	191.4838762289619	1982.9398979767175	
537	0.0	-0.0061043956043955825	396.64158231445316	191.22923667480063	1979.7994035776583	
538	0.0	-0.0061043956043955825	398.1418161679688	190.99809090156486	1978.01896939757	
539	0.0	-0.020754945054944844	399.6405160400391	190.78119482716284	1976.698154641179	
540	0.0	-0.028080219780219812	401.1376819306641	190.57294163222832	1975.4345482238505	
541	0.0	0.0012208791208793855	402.63331383984377	190.3699306088165	1974.071254485486	
542	0.0	-0.018313186813186746	404.12894574902344	190.2467981955233	1976.400941751891	
543	0.0	-0.015871428571428647	405.62304367675785	190.0954155373547	1975.8935694896554	
544	0.0	-0.0061043956043955825	407.1140736416016	189.85019916680176	1970.2697358484002	
545	0.0	-0.008546153846153681	408.60356962500003	189.62476884349962	1966.8365615551447	
546	0.0	-0.05738131868131834	410.0930656083985	189.48803843707356	1968.2593947570258	
547	0.0	-0.01098791208791178	411.5825615917969	189.40510725121203	1971.2483730343465	
548	0.0	-0.008546153846153681	413.0674556308594	189.12470972617302	1962.8458951138127	
549	0.0	-0.01098791208791178	414.5523496699219	188.9546400257168	1962.1093642580472	
550	0.0	0.003662637362637484	416.0357097275391	188.77478846303347	1960.4720525782486	
551	0.0	-0.003662637362637484	417.51906978515626	188.66570297310318	1962.2754389957581	
552	0.0	-0.020754945054944844	419.00089586132816	188.52284020486695	1961.2304370875663	
553	0.0	-0.020754945054944844	420.4796539746094	188.28279140892482	1955.1480409736114	
554	0.0	-0.0061043956043955825	421.95687810644534	188.06049537814397	1951.3563851711187	
555	0.0	-0.015871428571428647	423.4341022382813	187.92566601627186	1952.513054023676	
556	0.0	-0.020754945054944844	424.9097923886719	187.7671887999859	1951.4760829870365	
557	0.0	-0.04028901098901098	426.3824145761719	187.51766936230342	1945.6413429219156	
558	0.0	-0.015871428571428647	427.85196880078126	187.2129300245033	1938.3122010943807	
559	0.0	-0.008546153846153681	429.32152302539066	187.02809626789167	1938.6051661568072	
560	0.0	-0.01098791208791178	430.7895432685547	186.8392898522543	1937.8218378846032	
561	0.0	-0.020754945054944844	432.2544955488282	186.57137482477629	1932.6125209388765	
562	0.0	0.0012208791208793855	433.7179138476563	186.33217706974392	1929.7836993772453	
563	0.0	-0.003662637362637484	435.1813321464844	186.18709629363366	1931.7871573420998	
564	0.0	-0.0061043956043955825	436.64321646386725	186.0224012801409	1931.4231865096017	
565	0.0	0.0012208791208793855	438.1035667998047	185.84580962996188	1929.9282742722053	
566	0.0	-0.0061043956043955825	439.5608491728516	185.58530323245577	1924.0974355442286	
567	0.0	-0.020754945054944844	441.0181315458985	185.4272981110189	1924.6114006663338	
568	0.0	-0.0061043956043955825	442.47387993750004	185.25476408561008	1923.5449640888073	
569	0.0	-0.0012208791208793855	443.92809434765627	185.07341783425	1921.7458716302317	
570	0.0	0.0061043956043955825	445.3792407949219	184.81002762525532	1915.8044663499059	
571	0.0	-0.0061043956043955825	446.83038724218756	184.65027338370055	1916.2962091178651	
572	0.0	-0.0061043956043955825	448.27999970800784	184.47667846327386	1915.2434906239205	
573	0.0	-0.008546153846153681	449.7296121738282	184.3713878188173	1917.3041678042691	
574	0.0	-0.0061043956043955825	451.17615667675784	184.15412766848385	1912.5212619356444	
575	0.0	-0.0061043956043955825	452.6227011796875	184.02235272261896	1912.9984055932837	
576	0.0	0.0012208791208793855	454.0677117011719	183.86572810333382	1911.5017893432805	
577	0.0	-0.008546153846153681	455.51118824121096	183.69403139482165	1909.1944084096494	
578	0.0	-0.020754945054944844	456.9515968183594	183.4364939295774	1902.7946722909346	
579	0.0	-0.020754945054944844	458.3904714140625	183.20359048437604	1899.0824669089134	
580	0.0	-0.01098791208791178	459.82781202832035	182.98562832801326	1896.6173032535653	
581	0.0	-0.020754945054944844	461.2651526425782	182.8534275939237	1898.511143974677	
582	0.0	0.0012208791208793855	462.69942529394535	182.61984564876548	1894.0454648125215	
583	0.0	-0.020754945054944844	464.13216396386724	182.4014719613515	1891.133846018285	
584	0.0	-0.008546153846153681	465.5633686523438	182.19232254879535	1888.9283431807871	
585	0.0	-0.008546153846153681	466.99457334082035	182.06546701417756	1890.8426490431902	
586	0.0	-0.008546153846153681	468.4227100664063	181.8351270964631	1886.3062714704402	
587	0.0	-0.018313186813186746	469.8493128105469	181.61871979814896	1883.3013624619125	
588	0.0	0.0061043956043955825	471.27438157324224	181.4107630609069	1881.008701364085	
589	0.0	0.0012208791208793855	472.6963823730469	181.13123277591149	1875.181691235889	
590	0.0	-0.025638461538461714	474.1168491914063	180.88499001088712	1872.158822494126	
591	0.0	-0.023196703296702943	475.53578202832034	180.65893714784033	1870.3191723458021	
592	0.0	0.0012208791208793855	476.9531808837891	180.4451300797009	1868.8832529238753	
593	0.0	-0.01098791208791178	478.36904575781256	180.23875046183093	1867.501801823927	
594	0.0	-0.03296373626373601	479.784910631836	180.11357489264992	1869.8728535109922	
595	0.0	-0.0061043956043955825	481.19770754296877	179.88425392550562	1865.5873849368618	
596	0.0	-0.01342967032967055	482.6105044541016	179.74516372424478	1866.5537701435424	
597	0.0	-0.01342967032967055	484.02023340234376	179.507403105883	1861.63268333188	
598	0.0	0.0012208791208793855	485.4314963320313	179.43989306952426	1866.1797261812535	
599	0.0	-0.01098791208791178	486.83969129882814	179.24554801699196	1862.3174363035532	
600	0.0	-0.015871428571428647	488.24635228417975	179.05097270860279	1859.1617071624323	
601	0.0	-0.003662637362637484	489.65147928808597	178.85625774296932	1856.4381089720537	
602	0.0	-0.01342967032967055	491.05660629199224	178.7381571431979	1857.8137365676866	
603	0.0	0.0061043956043955825	492.4601993144532	178.5898264343159	1856.649459461637	
604	0.0	0.12330879120879103	493.8607243740235	178.34646116461226	1850.5797388978426	
605	0.0	0.0061043956043955825	495.2612494335938	178.198852663023	1850.682291825061	
606	0.0	0.0012208791208793855	496.6587065302735	177.95592543421662	1845.3697131214685	
607	0.0	0.01098791208791178	498.0576976083985	177.88528169013807	1849.7596384400185	
608	0.0	-0.008546153846153681	499.45362072363287	177.68903594773292	1845.8507771835957	
609	0.0	-0.0061043956043955825	500.8480098574219	177.49330781263416	1842.6963544158862	
610	0.0	-0.020754945054944844	502.2408650097657	177.29789362223528	1839.9914735901757	
611	0.0	-0.028080219780219812	503.6306521992188	177.02597077665996	1833.7194186829392	
612	0.0	-0.018313186813186746	505.0189054072266	176.78434215700327	1830.308330490423	
613	0.0	-0.008546153846153681	506.4056246337891	176.56108791466977	1828.1614691642972	
614	0.0	-0.015871428571428647	507.789275897461	176.27227922357633	1822.6607480842977	
615	0.0	-0.015871428571428647	509.1713931796875	176.0204088206192	1819.980051234309	
616	0.0	-0.020754945054944844	510.55351046191413	175.86764169481103	1822.2703951589638	
617	0.0	-0.01098791208791178	511.93409376269534	175.69828467441766	1822.1999425560598	
618	0.0	-0.01342967032967055	513.311609100586	175.44216630179653	1817.1205928754134	
619	0.0	-0.023196703296702943	514.6891244384766	175.2868226520659	1818.0221308755308	
620	0.0	-0.020754945054944844	516.0651057949219	175.1159028908951	1817.1493865918765	
621	0.0	0.015871428571428647	517.439553169922	174.93553574031102	1815.442674667158	
622	0.0	0.003662637362637484	518.8140005449219	174.82613753050464	1817.2119844523068	
623	0.0	0.015871428571428647	520.1853799570313	174.6063860158065	1812.3162228097653	
624	0.0	-0.0061043956043955825	521.5552253876954	174.39640090875764	1808.9286999555643	
625	0.0	-0.003662637362637484	522.9250708183595	174.26903849977316	1810.1390684180988	
626	0.0	-0.008546153846153681	524.2933822675782	174.11509021946404	1809.0185660917596	
627	0.0	0.0012208791208793855	525.6601597353516	173.94501679264067	1806.8976960769005	
628	0.0	0.0012208791208793855	527.0254032216798	173.7651629698048	1804.4207981713826	
629	0.0	-0.0061043956043955825	528.3875787451173	173.50267796450862	1798.045077704407	
630	0.0	-0.01098791208791178	529.75128825	173.42017182901327	1802.0942738189733	
631	0.0	-0.003662637362637484	531.1134637734375	173.29343025460184	1801.9981487672776	
632	0.0	-0.003662637362637484	532.4725713339844	173.0631594572369	1796.2406112341714	
633	0.0	-0.0012208791208793855	533.830144913086	172.8467940825576	1792.4939565152044	
634	0.0	-0.01342967032967055	535.1877184921875	172.715561845529	1793.5857056425693	
635	0.0	-0.015871428571428647	536.5422241083985	172.4825673235464	1788.6184744092643	
636	0.0	-0.0012208791208793855	537.8951957431641	172.2645499263126	1785.3935152049062	
637	0.0	-0.01098791208791178	539.2466333964844	172.05561661471074	1782.9924219325048	
638	0.0	-0.0012208791208793855	540.5965370683595	171.85219307967418	1780.9497824836499	
639	0.0	-0.008546153846153681	541.9449067587891	171.65211139314124	1779.0388861610236	
640	0.0	-0.008546153846153681	543.2917424677735	171.45405664024292	1777.1559345341457	
641	0.0	-0.01098791208791178	544.6370441953126	171.2572312847842	1775.2584159475819	
642	0.0	-0.01342967032967055	545.9808119414063	171.06115159658293	1773.3329464651488	
643	0.0	-0.020754945054944844	547.3230457060547	170.86552417845087	1771.3789297165786	
644	0.0	-0.01098791208791178	548.6652794707031	170.74687014826122	1773.2355195566697	
645	0.0	0.01098791208791178	550.004445272461	170.5215046945741	1768.5366123408385	
646	0.0	-0.015871428571428647	551.3420770927735	170.30811456127776	1765.3557774423434	
647	0.0	-0.023196703296702943	552.6766409501954	170.02528875492135	1759.0745451516796	
648	0.0	-0.015871428571428647	554.0112048076172	169.85374622733798	1759.6623715695332	
649	0.0	0.0012208791208793855	555.3442346835938	169.67300134981997	1758.8512238166231	
650	0.0	-0.008546153846153681	556.675730578125	169.48667496477356	1757.3346403110263	
651	0.0	0.003662637362637484	558.005692491211	169.29696322419477	1755.4769738218038	
652	0.0	0.0012208791208793855	559.3341204228516	169.10519816165106	1753.465068072016	
653	0.0	-0.0061043956043955825	560.6625483544923	168.98888676860224	1755.22649167268	
654	0.0	-0.0061043956043955825	561.9894423046876	168.84164126844917	1754.2683917567401	
655	0.0	-0.01342967032967055	563.3148022734375	168.67563328343022	1752.1418039640512	
656	0.0	-0.0012208791208793855	564.6386282607423	168.49824527575402	1749.598225530669	
657	0.0	-0.003662637362637484	565.9609202666016	168.31395493524906	1746.978674558446	
658	0.0	-0.008546153846153681	567.2816782910156	168.12547811812692	1744.4203665266996	
659	0.0	0.01342967032967055	568.6024363154297	168.0111611468128	1745.7992522912136	
660	0.0	0.0012208791208793855	569.9201263769531	167.78842625235484	1740.7431670735887	
661	0.0	0.01098791208791178	571.2362824570313	167.57663163394318	1737.3047908649496	
662	0.0	-0.003662637362637484	572.5509045556641	167.37147262857252	1734.6774972276207	
663	0.0	-0.0061043956043955825	573.8639926728516	167.17033832605375	1732.438974591645	
664	0.0	-0.008546153846153681	575.1770807900391	167.04834420154293	1734.2086280269396	
665	0.0	-0.01098791208791178	576.4886349257813	166.89765195042855	1733.343879103607	
666	0.0	-0.01098791208791178	577.7971210986328	166.65285433294412	1727.492550591276	
667	0.0	-0.020754945054944844	579.1056072714845	166.50437706849698	1727.74983620872	
668	0.0	-0.018313186813186746	580.4110254814453	166.26092290834276	1722.5446157997967	
669	0.0	0.003662637362637484	581.7164436914063	166.11326049198397	1723.1728967261179	
670	0.0	-0.01342967032967055	583.0172599570313	165.79360148994238	1714.3450728748066	
671	0.0	-0.015871428571428647	584.316542241211	165.52301942701524	1710.1260697646494	
672	0.0	-0.003662637362637484	585.6142905439453	165.28220403315572	1707.9393729782241	
673	0.0	-0.015871428571428647	586.9120388466797	165.13614210950254	1710.3574515729679	
674	0.0	-0.01342967032967055	588.2067191865235	164.8941529276526	1706.4252628710774	
675	0.0	-0.01342967032967055	589.4998655449219	164.67067999327992	1703.9679443901523	
676	0.0	-0.01098791208791178	590.7930119033203	164.5351368032898	1705.9522291356789	
677	0.0	-0.018313186813186746	592.0846242802735	164.37622662834838	1705.4283316576875	
678	0.0	0.003662637362637484	593.3747026757814	164.2031436602192	1703.746472022087	
679	0.0	-0.01098791208791178	594.6632470898438	164.0214644582593	1701.5826419704408	
680	0.0	-0.020754945054944844	595.9517915039063	163.9112704490508	1703.0950963422174	
681	0.0	0.003662637362637484	597.2372679550782	163.6910362576018	1698.0559176945108	
682	0.0	0.0012208791208793855	598.52274440625	163.5574574645434	1698.4238666574884	
683	0.0	0.0012208791208793855	599.8066868759767	163.3997387565978	1696.8890680364293	
684	0.0	-0.0061043956043955825	601.0890953642579	163.22737844976655	1694.575540030287	
685	0.0	-0.008546153846153681	602.3699698710938	163.0461375640407	1692.0173472577244	
686	0.0	0.003662637362637484	603.6493103964845	162.85951033480524	1689.4488396607794	
687	0.0	0.0012208791208793855	604.9271169404298	162.66961612302475	1686.9578266917233	
688	0.0	0.0061043956043955825	606.2049234843751	162.55443945831212	1688.3995676826298	
689	0.0	-0.01342967032967055	607.4811960468751	162.40788220573813	1687.229926856864	
690	0.0	-0.008546153846153681	608.7559346279297	162.24229166397345	1684.9643316257852	
691	0.0	0.0012208791208793855	610.0291392275391	162.06515684843907	1682.329950197808	
692	0.0	-0.01098791208791178	611.3008098457032	161.8810200767257	1679.651387603627	
693	0.0	-0.0012208791208793855	612.570946482422	161.69263640380086	1677.0548994111577	
694	0.0	-0.01098791208791178	613.8395491376954	161.5016768550231	1674.5742258480122	
695	0.0	-0.008546153846153681	615.1050838300782	161.23245588624923	1668.368895434688	
696	0.0	0.01098791208791178	616.3690845410157	160.99246603773645	1664.9562668990393	
697	0.0	-0.03784725274725288	617.6315512705079	160.77020576038922	1662.782990472706	
698	0.0	-0.01342967032967055	618.8924840185547	160.5586990117954	1661.0857465279278	
699	0.0	-0.015871428571428647	620.1518827851563	160.3537146083254	1659.5100270065423	
700	0.0	-0.018313186813186746	621.4097475703126	160.15268620719144	1657.9066014886948	
701	0.0	-0.01098791208791178	622.6660783740235	159.95405724286684	1656.2248605621571	
702	0.0	-0.028080219780219812	623.9208751962891	159.75688361056382	1654.4583107050594	
703	0.0	-0.023196703296702943	625.1756720185548	159.6372917540284	1656.4526466555317	
704	0.0	-0.01098791208791178	626.4274008779297	159.41135747988665	1651.8518687038659	
705	0.0	-0.015871428571428647	627.6775957558594	159.1976223395577	1648.7393966598092	
706	0.0	-0.003662637362637484	628.9277906337891	159.06798542036267	1650.174900189607	
707	0.0	-0.015871428571428647	630.1764515302735	158.91265757986184	1649.2263149694263	
708	0.0	0.0012208791208793855	631.4235784453125	158.74174740745002	1647.2311683831622	
709	0.0	-0.0061043956043955825	632.667637397461	158.48468700047306	1641.0085823243517	
710	0.0	-0.018313186813186746	633.9116963496094	158.32877197801645	1641.231359843795	
711	0.0	0.01342967032967055	635.1542213203126	158.15750566176212	1639.955810635839	
712	0.0	-0.0012208791208793855	636.3952123095704	157.9769283148962	1638.0101736653205	
713	0.0	-0.0061043956043955825	637.6362032988281	157.86740261457453	1639.6378363684307	
714	0.0	-0.0061043956043955825	638.8756603066407	157.7242728452402	1638.4930973565906	
715	0.0	-0.01342967032967055	640.1135833330079	157.56076117721022	1636.1893127752492	
716	0.0	0.003662637362637484	641.3499723779297	157.38488726237483	1633.4994444566619	
717	0.0	-0.025638461538461714	642.5863614228516	157.27821433787904	1634.6025755499613	
718	0.0	-0.0061043956043955825	643.8196825048828	157.06011579231927	1629.2603813271235	
719	0.0	-0.008546153846153681	645.0530035869141	156.9278323340077	1629.4113354340834	
720	0.0	-0.008546153846153681	646.2817227246094	156.61750114178722	1620.0548747192715	
721	0.0	-0.0012208791208793855	647.5104418623048	156.4292757539406	1619.2051550075885	
722	0.0	-0.028080219780219812	648.7376270185547	156.23841220991744	1617.7814889777019	
723	0.0	0.0012208791208793855	649.9648121748047	156.12264761548795	1619.8856805306623	
724	0.0	-0.008546153846153681	651.1889293681642	155.8990346932369	1615.2920242482523	
725	0.0	-0.0012208791208793855	652.4115125800781	155.68670752401886	1612.1477776040883	
726	0.0	-0.01098791208791178	653.6340957919922	155.5579245825029	1613.54211668042	
727	0.0	-0.01342967032967055	654.8536110410157	155.32641563337893	1608.7203320606295	
728	0.0	-0.018313186813186746	656.0746602714844	155.2626974261766	1613.2303991210465	
729	0.0	-0.01098791208791178	657.2911075576172	154.99395316209484	1605.4517704936625	
730	0.0	-0.018313186813186746	658.5075548437501	154.8309515218716	1604.912429782139	
731	0.0	-0.015871428571428647	659.7194001855469	154.50198881000688	1595.6149132771543	
732	0.0	-0.020754945054944844	660.9312455273438	154.3024628339699	1595.0906417951455	
733	0.0	-0.023196703296702943	662.1415568876954	154.1047451365157	1594.0400800686375	
734	0.0	-0.015871428571428647	663.3503342666016	153.90812421552982	1592.642190702175	
735	0.0	-0.025638461538461714	664.5560436826172	153.63546945083363	1587.1816293551483	
736	0.0	-0.020754945054944844	665.7617530986329	153.47009597207216	1588.1090709390828	
737	0.0	-0.025638461538461714	666.9643945517579	153.21639373961807	1583.5730356180075	
738	0.0	-0.01098791208791178	668.1685699863282	153.13921462529834	1588.6014961093706	
739	0.0	-0.008546153846153681	669.3696774580079	152.93900498036965	1585.1815428319942	
740	0.0	-0.008546153846153681	670.5707849296875	152.81757168904733	1586.2202450758232	
741	0.0	0.0012208791208793855	671.7688244384766	152.59052052823245	1581.0684779674684	
742	0.0	-0.025638461538461714	672.9668639472657	152.45280703411845	1581.4741338964477	
743	0.0	-0.008546153846153681	674.1649034560547	152.36927957542503	1583.8614487352652	
744	0.0	0.003662637362637484	675.3614089833985	152.2419185371691	1582.7732220042562	
745	0.0	0.0012208791208793855	676.5548465478516	152.01127201595955	1576.4235762534145	
746	0.0	-0.015871428571428647	677.7482841123048	151.87137782550417	1576.1585853846454	
747	0.0	-0.003662637362637484	678.9401876953126	151.7098286353139	1574.338085846548	
748	0.0	-0.003662637362637484	680.130557296875	151.5351450234666	1571.9108306624057	
749	0.0	-0.018313186813186746	681.3209268984375	151.42919405425346	1573.1547369596774	
750	0.0	-0.015871428571428647	682.5082285371094	151.21153339673765	1567.886701718474	
751	0.0	0.0061043956043955825	683.6955301757813	151.07951553095336	1568.0758269130138	
752	0.0	-0.01098791208791178	684.8797638515625	150.84604450101324	1562.5733421160758	
753	0.0	-0.0061043956043955825	686.0639975273438	150.70443715936563	1562.8660979207561	
754	0.0	-0.023196703296702943	687.2482312031251	150.61854796268017	1565.2454798146318	
755	0.0	-0.008546153846153681	688.4309308974609	150.489754457878	1564.1891635719448	
756	0.0	0.0012208791208793855	689.6105626289063	150.2582391018077	1557.8811455707973	
757	0.0	-0.020754945054944844	690.7886603789063	150.04111886406463	1553.8199588867801	
758	0.0	-0.020754945054944844	691.965224147461	149.83272970718826	1550.8977182899634	
759	0.0	-0.008546153846153681	693.1402539345704	149.62963621867675	1548.5305260783425	
760	0.0	-0.025638461538461714	694.3122157587891	149.35305564324517	1542.582693127346	
761	0.0	-0.01342967032967055	695.4826436015626	149.10860196756403	1539.4406773540004	
762	0.0	-0.018313186813186746	696.6500034814454	148.80693516977772	1533.6659891663794	
763	0.0	0.003662637362637484	697.8173633613281	148.6239650029529	1534.8540039037262	
764	0.0	-0.01098791208791178	698.9831892597657	148.4362889116819	1534.5845742325055	
765	0.0	-0.015871428571428647	700.1490151582032	148.3224576051507	1537.3392846539682	
766	0.0	-0.008546153846153681	701.31177309375	148.10001728131465	1533.1101278191136	
767	0.0	-0.015871428571428647	702.4745310292969	147.96510040127032	1534.003682450334	
768	0.0	0.0012208791208793855	703.6357549833984	147.80657010254072	1532.80848536556	
769	0.0	-0.023196703296702943	704.7954449560548	147.63371754096443	1530.713555325855	
770	0.0	-0.01342967032967055	705.955134928711	147.52887715992256	1532.130556483654	
771	0.0	-0.01342967032967055	707.113290919922	147.38858918045298	1530.7851939447755	
772	0.0	-0.008546153846153681	708.2699129296875	147.22680114513787	1528.3155387721054	
773	0.0	-0.018313186813186746	709.4234669765625	146.9752735941729	1521.6633109125805	
774	0.0	0.0012208791208793855	710.5770210234375	146.82271441859484	1521.5394685294877	
775	0.0	-0.01342967032967055	711.7305750703125	146.73018259865785	1523.8364581206642	
776	0.0	-0.0012208791208793855	712.8825951357422	146.59736013908696	1522.833452877775	
777	0.0	-0.003662637362637484	714.0315472382813	146.36340109832236	1516.620414824094	
778	0.0	-0.018313186813186746	715.1804993408203	146.22149776314473	1516.489786237993	
779	0.0	-0.023196703296702943	716.3279174619141	146.05872996503604	1514.7820212256393	
780	0.0	-0.008546153846153681	717.4738016015625	145.8833072301204	1512.4420908146858	
781	0.0	-0.0012208791208793855	718.619685741211	145.7769079600912	1513.750454702299	
782	0.0	-0.0012208791208793855	719.7655698808594	145.71237353891047	1516.1983927087094	
783	0.0	0.0061043956043955825	720.9083860576172	145.51983328826464	1511.0166642679942	
784	0.0	0.0012208791208793855	722.0481342714844	145.2496535753162	1503.1976391444969	
785	0.0	-0.0061043956043955825	723.1878824853517	145.08578129133093	1502.6561161480613	
786	0.0	-0.020754945054944844	724.3260967177735	144.90968865183095	1501.040720664616	
787	0.0	-0.01342967032967055	725.4627769687501	144.72618399187922	1498.9639997753447	
788	0.0	-0.025638461538461714	726.5979232382813	144.53818371410307	1496.7227184933772	
789	0.0	-0.015871428571428647	727.730001544922	144.27075763399625	1490.6165738917662	
790	0.0	-0.03540549450549411	728.8605458701172	144.03185644053156	1487.2361963266776	
791	0.0	0.0012208791208793855	729.9910901953126	143.8869555381243	1488.9005074962188	
792	0.0	-0.020754945054944844	731.1201005390626	143.72236962353782	1488.3280369175845	
793	0.0	-0.018313186813186746	732.2491108828126	143.62254321746877	1490.5399204507394	
794	0.0	-0.01098791208791178	733.3750532636719	143.40859729537624	1485.7637638230199	
795	0.0	-0.025638461538461714	734.499461663086	143.20213345831144	1482.358515396233	
796	0.0	-0.01342967032967055	735.6238700625	143.0769068075897	1483.5033814243798	
797	0.0	-0.018313186813186746	736.7452104990235	142.84755485795176	1478.4749878886405	
798	0.0	-0.0061043956043955825	737.8650169541016	142.63174679258373	1475.1562944411307	
799	0.0	0.0012208791208793855	738.9848234091797	142.5008525807716	1476.498949748213	
800	0.0	-0.01098791208791178	740.1000279199219	142.1913640091807	1467.8436913279365	
801	0.0	-0.01098791208791178	741.2152324306642	142.0036496965913	1467.406170624482	
802	0.0	0.0012208791208793855	742.3304369414063	141.8897952076295	1470.059522970886	
803	0.0	0.003662637362637484	743.4425734892578	141.66734082291077	1465.7692498107008	
804	0.0	-0.008546153846153681	744.5547100371094	141.5324154145419	1466.6259541463978	
805	0.0	0.05982307692307644	745.6653126035156	141.3738799431012	1465.4085388305166	
806	0.0	-0.0061043956043955825	746.7743811884766	141.20102424414654	1463.300213182636	
807	0.0	0.0061043956043955825	747.8819157919922	141.01948288791755	1460.874184661996	
808	0.0	-0.003662637362637484	748.9894503955079	140.90937248637056	1462.2254642907556	
809	0.0	0.0061043956043955825	750.0954510175782	140.765888077789	1460.922181835821	
810	0.0	0.003662637362637484	751.1999176582032	140.6021613101766	1458.5277499881431	
811	0.0	-0.003662637362637484	752.3043842988282	140.50285600309144	1459.6211994627065	
812	0.0	-0.020754945054944844	753.4057829765626	140.28922614354087	1454.1585758345964	
813	0.0	-0.01098791208791178	754.5071816542969	140.15965308034356	1454.1670033501978	
814	0.0	0.0012208791208793855	755.607046350586	140.0043639704454	1452.3518598684395	
815	0.0	-0.025638461538461714	756.7053770654297	139.8334772893577	1449.8305169026871	
816	0.0	-0.0061043956043955825	757.8021737988282	139.65313020285976	1447.1233649509168	
817	0.0	-0.008546153846153681	758.8974365507813	139.46704509026313	1444.4506115849708	
818	0.0	-0.003662637362637484	759.9911653212891	139.27747968882613	1441.8879411246126	
819	0.0	0.0012208791208793855	761.0833601103516	139.08580338546744	1439.446153449583	
820	0.0	-0.0061043956043955825	762.1755548994141	138.96954582757462	1440.9454603811091	
821	0.0	-0.01098791208791178	763.2662157070313	138.8223329800967	1439.8275415955577	
822	0.0	-0.01342967032967055	764.3553425332032	138.65634479991422	1437.6035110471212	
823	0.0	-0.008546153846153681	765.4429353779298	138.47896880448388	1435.0005226529465	
824	0.0	-0.008546153846153681	766.5305282226564	138.37138482202863	1436.1797045544035	
825	0.0	-0.008546153846153681	767.6150531044923	138.1527336918807	1430.897803288617	
826	0.0	-0.0061043956043955825	768.6995779863282	138.0201150740686	1431.0939189208184	
827	0.0	-0.020754945054944844	769.7810349052735	137.78627966959903	1425.605014979591	
828	0.0	-0.03052197802197791	770.8594238613282	137.49105317908106	1418.2417663295219	
829	0.0	-0.01098791208791178	771.9362788359375	137.23529018388945	1414.531178102733	
830	0.0	-0.018313186813186746	773.0115998291017	137.00346300921228	1412.422432626693	
831	0.0	-0.020754945054944844	774.0853868408204	136.786153643945	1410.9130819362026	
832	0.0	-0.025638461538461714	775.1591738525391	136.65434884766728	1413.3765024580543	
833	0.0	-0.008546153846153681	776.2298929013673	136.42100705093617	1409.2501345812561	
834	0.0	-0.008546153846153681	777.3006119501954	136.2794780931872	1410.3755380974044	
835	0.0	-0.008546153846153681	778.3682630361329	136.0402382942193	1405.5888203732484	
836	0.0	0.003662637362637484	779.4359141220704	135.89513201717637	1406.405407985294	
837	0.0	0.01098791208791178	780.5035652080079	135.80712060884252	1409.1569139956855	
838	0.0	0.0012208791208793855	781.5696823125	135.6770399175657	1408.3593001735026	
839	0.0	0.003662637362637484	782.6342654355469	135.52144291565492	1406.0631608735857	
840	0.0	-0.0061043956043955825	783.6973145771485	135.35036948863126	1403.254866523972	
841	0.0	-0.03052197802197791	784.7588297373047	135.1699091349874	1400.3765734201916	
842	0.0	0.0012208791208793855	785.820344897461	135.0604543946538	1401.4367324707828	
843	0.0	-0.01342967032967055	786.880326076172	134.91736766473332	1399.9466817461052	
844	0.0	-0.01342967032967055	787.9403072548829	134.83058117370092	1401.2677394228494	
845	0.0	-0.020754945054944844	788.9972204707032	134.62454436005646	1395.7485152642812	
846	0.0	-0.01098791208791178	790.0525997050781	134.42287763990316	1391.7695968716234	
847	0.0	-0.01342967032967055	791.1079789394532	134.30056058776245	1392.4919253180833	
848	0.0	-0.01098791208791178	792.1618241923828	134.1496724711542	1390.9969627812852	
849	0.0	-0.008546153846153681	793.2141354638673	133.98145512748306	1388.601389455136	
850	0.0	-0.020754945054944844	794.2664467353517	133.8794261482908	1389.7639694134232	
851	0.0	0.0012208791208793855	795.3172240253907	133.74084337028762	1388.2205788406982	
852	0.0	0.0012208791208793855	796.3664673339845	133.5800895919674	1385.604299846781	
853	0.0	-0.003662637362637484	797.4141766611328	133.4058884218466	1382.6820123556163	
854	0.0	-0.003662637362637484	798.4618859882813	133.30023006832926	1383.6181650091048	
855	0.0	0.0012208791208793855	799.5080613339844	133.15944596345798	1381.9938715475746	
856	0.0	0.0061043956043955825	800.5527026982422	132.9973570128932	1379.3627503424432	
857	0.0	-0.01342967032967055	801.5958100810548	132.82234601982054	1376.4522208471572	
858	0.0	-0.0012208791208793855	802.6358495009766	132.56279833933513	1369.7381895911885	
859	0.0	-0.015871428571428647	803.6743549394532	132.32867563691252	1365.8666108917569	
860	0.0	-0.008546153846153681	804.7113263964844	132.10997396363382	1363.32374035033	
861	0.0	0.0012208791208793855	805.7467638720703	131.90062561759987	1361.346994409142	
862	0.0	-0.015871428571428647	806.780667366211	131.69695035146287	1359.5681878993182	
863	0.0	-0.01342967032967055	807.8130368789064	131.4967159822918	1357.8212284504898	
864	0.0	-0.003662637362637484	808.8438724101563	131.29856862271117	1356.0400835905966	
865	0.0	0.0012208791208793855	809.873173959961	131.1016870984531	1354.2057538487916	
866	0.0	-0.01098791208791178	810.9024755097657	130.98227241443965	1356.1544373076376	
867	0.0	0.01098791208791178	811.930243078125	130.8331446730881	1355.3581685204927	
868	0.0	0.0061043956043955825	812.9580106464845	130.7426941233134	1357.193956374539	
869	0.0	0.01342967032967055	813.9827102519532	130.53443494567182	1352.0439033763378	
870	0.0	-0.01342967032967055	815.0058758759766	130.33142029355076	1348.3234535884812	
871	0.0	-0.01098791208791178	816.0290415000001	130.20828567933495	1349.2235098240426	
872	0.0	-0.0012208791208793855	817.0491391611329	129.98020261399506	1344.014103095259	
873	0.0	-0.025638461538461714	818.0692368222657	129.84186323814356	1344.4008436476233	
874	0.0	0.0061043956043955825	819.0878005019532	129.68125709069864	1342.9514637923721	
875	0.0	-0.01098791208791178	820.1048302001954	129.5071454632125	1340.7346409491147	
876	0.0	-0.003662637362637484	821.1218598984376	129.4015414200694	1342.097287277592	
877	0.0	-0.020754945054944844	822.1358216337891	129.18409118382988	1336.8958772413653	
878	0.0	-0.025638461538461714	823.1482493876954	128.97550187277375	1333.2871872677015	
879	0.0	-0.008546153846153681	824.1606771416016	128.8489860568734	1334.3417082108008	
880	0.0	-0.018313186813186746	825.1731048955079	128.77225033350987	1336.9484697360858	
881	0.0	-0.008546153846153681	826.1839986679688	128.64900869107078	1335.8877411877447	
882	0.0	-0.023196703296702943	827.1933584589844	128.49755978207395	1333.3256761051116	
883	0.0	-0.01342967032967055	828.2011842685548	128.32900230064115	1330.2915919693223	
884	0.0	-0.020754945054944844	829.2074760966798	128.15006794516376	1327.237230635411	
885	0.0	-0.0012208791208793855	830.2137679248048	128.04153876956843	1328.1668715478827	
886	0.0	-0.008546153846153681	831.2185257714845	127.89901342304802	1326.5832661977374	
887	0.0	0.01098791208791178	832.2217496367189	127.7358683559869	1324.003897702777	
888	0.0	-0.01098791208791178	833.2249735019532	127.63691586812638	1324.9761327136657	
889	0.0	-0.015871428571428647	834.2251294042969	127.42350000423903	1319.434502897724	
890	0.0	-0.047614285714285276	835.2222173437501	127.14065859145921	1311.7217761468246	
891	0.0	-0.018313186813186746	836.2193052832032	126.9691065981242	1311.4415999229632	
892	0.0	0.0061043956043955825	837.214859241211	126.78835597934813	1310.1041291218153	
893	0.0	-0.015871428571428647	838.2104131992188	126.67872518431977	1312.1033574245803	
894	0.0	0.0012208791208793855	839.202899194336	126.45883259955008	1307.3506648244893	
895	0.0	-0.008546153846153681	840.1953851894532	126.32546100143372	1307.8870648089123	
896	0.0	-0.01342967032967055	841.186337203125	126.1678679635661	1306.451215277796	
897	0.0	-0.0061043956043955825	842.1757552353516	125.99558387947764	1304.1957489176839	
898	0.0	-0.018313186813186746	843.1651732675782	125.89108829746692	1305.5065407603824	
899	0.0	0.0012208791208793855	844.1530573183594	125.75100944917358	1304.091397821121	
900	0.0	-0.025638461538461714	845.13787340625	125.51264918606466	1297.7412133540984	
901	0.0	0.020754945054944844	846.1226894941407	125.36807637452148	1297.5958347470178	
902	0.0	-0.01098791208791178	847.1044376191406	125.12699038484425	1292.0856767899895	
903	0.0	0.01342967032967055	848.0861857441407	124.98076433650567	1292.4921816582346	
904	0.0	0.003662637362637484	849.06486590625	124.73867560800863	1287.3424637173166	
905	0.0	-0.003662637362637484	850.0420120869142	124.51514229556051	1284.14822423012	
906	0.0	-0.018313186813186746	851.0176242861329	124.30286341212195	1281.85152896826	
907	0.0	-0.0061043956043955825	851.9917025039064	124.09741068514995	1279.924229561053	
908	0.0	-0.0061043956043955825	852.9642467402344	123.8960982314602	1278.114841900804	
909	0.0	-0.018313186813186746	853.9352569951172	123.69729698053561	1276.312595277076	
910	0.0	-0.0061043956043955825	854.9047332685548	123.50001885113306	1274.4756338588668	
911	0.0	-0.01098791208791178	855.8742095419923	123.38036361392005	1276.4288878371644	
912	0.0	0.003662637362637484	856.8421518339844	123.23108996970404	1275.63913151197	
913	0.0	-0.020754945054944844	857.8100941259767	123.14055092534545	1277.481137979773	
914	0.0	-0.0061043956043955825	858.7765024365235	123.00893714530685	1276.1711863552218	
915	0.0	-0.01098791208791178	859.7398427841798	122.77571120576613	1269.753182455459	
916	0.0	-0.01342967032967055	860.7047171132813	122.71095159118704	1273.3217906027667	
917	0.0	-0.015871428571428647	861.6665234794923	122.51827475384925	1268.8232844560189	
918	0.0	-0.01098791208791178	862.6283298457032	122.40141034143016	1269.0906855912299	
919	0.0	-0.015871428571428647	863.5901362119141	122.33052849033993	1271.0699675903816	
920	0.0	-0.008546153846153681	864.5504085966797	122.21083740100585	1269.5376330905492	
921	0.0	0.0012208791208793855	865.5076130185547	121.98484293911315	1262.7993642709907	
922	0.0	-0.008546153846153681	866.4648174404298	121.84777036535525	1262.2263279036124	
923	0.0	0.003662637362637484	867.4204878808595	121.68793257223297	1260.1751167203356	
924	0.0	-0.003662637362637484	868.3746243398439	121.51428697523079	1257.581317769581	
925	0.0	-0.0061043956043955825	869.3287607988282	121.40896559386601	1258.7080703350193	
926	0.0	-0.01098791208791178	870.2798292949219	121.19168680067378	1253.3591884595462	
927	0.0	-0.0061043956043955825	871.2308977910157	121.05990054729773	1253.4933401781227	
928	0.0	0.01098791208791178	872.1804323056641	120.90326906968403	1251.7888646141546	
929	0.0	-0.0012208791208793855	873.1299668203126	120.80826727363456	1253.190470881159	
930	0.0	-0.0061043956043955825	874.0764333720704	120.59724762553378	1247.847839602542	
931	0.0	-0.020754945054944844	875.0244339052736	120.54595680793864	1251.7234142595898	
932	0.0	-0.003662637362637484	875.9709004570313	120.4381482814133	1251.036623434089	
933	0.0	-0.01098791208791178	876.9142990458985	120.21936095836281	1244.626443845642	
934	0.0	-0.003662637362637484	877.8576976347657	120.08665973537427	1244.1403416925423	
935	0.0	-0.015871428571428647	878.7995622421876	119.9294733006027	1242.0738897572428	
936	0.0	-0.01342967032967055	879.7383588867189	119.6807367615038	1235.5946679129684	
937	0.0	-0.01342967032967055	880.6756215498048	119.45317134798825	1231.697408639062	
938	0.0	-0.01098791208791178	881.6113502314454	119.23844687159726	1229.0370044254241	
939	0.0	-0.01098791208791178	882.5455449316407	119.03151081747637	1226.927130284017	
940	0.0	-0.008546153846153681	883.4782056503907	118.829298680379	1225.0300693236659	
941	0.0	-0.008546153846153681	884.4077984062501	118.55325267157605	1219.3536814881782	
942	0.0	0.008546153846153681	885.3358571806641	118.30912322695076	1216.3679936636372	
943	0.0	0.0012208791208793855	886.2639159550782	118.16105122981389	1218.35298901436	
944	0.0	-0.015871428571428647	887.190440748047	117.99454194900318	1218.0243297743118	
945	0.0	-0.01098791208791178	888.1154315595704	117.81684989007044	1216.579044682835	
946	0.0	-0.01098791208791178	889.0404223710938	117.70907420541334	1218.4653235426977	
947	0.0	-0.025638461538461714	889.963879201172	117.56700587426167	1217.4502326150905	
948	0.0	-0.0061043956043955825	890.8858020498047	117.40413800103852	1215.2085795413368	
949	0.0	-0.020754945054944844	891.8061909169923	117.22865456750878	1212.5463856864199	
950	0.0	-0.008546153846153681	892.7265797841798	117.12221848190529	1213.6602306966806	
951	0.0	-0.015871428571428647	893.6469686513673	117.05766173091251	1215.9907594712358	
952	0.0	-0.020754945054944844	894.5642895556641	116.86510793655907	1210.7381659308276	
953	0.0	-0.015871428571428647	895.481610459961	116.74831815345533	1210.5462767641175	
954	0.0	-0.003662637362637484	896.3973973828125	116.60078249507933	1208.410871100733	
955	0.0	0.05982307692307644	897.3116503242188	116.43459852020169	1205.5747228535547	
956	0.0	-0.0061043956043955825	898.2243692841797	116.25710376926872	1202.603510658987	
957	0.0	-0.01098791208791178	899.1370882441407	116.14944775795448	1203.561200028841	
958	0.0	-0.018313186813186746	900.0482732226563	116.00745201235986	1201.9810303194772	
959	0.0	-0.0061043956043955825	900.959458201172	115.92132723677787	1203.2304646295952	
960	0.0	0.01098791208791178	901.8675752167969	115.71569177387573	1197.6575098576159	
961	0.0	-0.01098791208791178	902.775692232422	115.59096755753126	1197.4747153127928	
962	0.0	-0.008546153846153681	903.6822752666017	115.43861942196236	1195.4681962985687	
963	0.0	-0.018313186813186746	904.5873243193361	115.26951653203287	1192.7850497404806	
964	0.0	0.0012208791208793855	905.4923733720703	115.16695044186054	1193.7869768450582	
965	0.0	-0.008546153846153681	906.3958884433595	115.02804188955633	1192.154496789759	
966	0.0	-0.020754945054944844	907.2978695332032	114.86709051915386	1189.489247674409	
967	0.0	-0.03052197802197791	908.1998506230469	114.76946857561416	1190.3752842236545	
968	0.0	-0.023196703296702943	909.1002977314454	114.63355879991286	1188.5956377136763	
969	0.0	-0.03052197802197791	909.9992108583986	114.47442627951386	1185.7945004152843	
970	0.0	-0.018313186813186746	910.8965900039063	114.30120845203783	1182.7348821639562	
971	0.0	-0.03296373626373601	911.7924351679688	114.11944745375513	1179.7374961416444	
972	0.0	-0.03540549450549411	912.686746350586	113.93250476029789	1176.9106914636113	
973	0.0	-0.03296373626373601	913.5795235517579	113.74241920975328	1174.2679184629278	
974	0.0	-0.008546153846153681	914.4707667714845	113.55042741998477	1171.7856338053598	
975	0.0	0.0012208791208793855	915.3604760097656	113.35727943764505	1169.4303298795057	
976	0.0	-0.0061043956043955825	916.2486512666017	113.16343018904445	1167.170021006441	
977	0.0	-0.028080219780219812	917.1352925419923	112.9691556009493	1164.9782333581334	
978	0.0	-0.003662637362637484	918.0219338173829	112.85132210367738	1166.6695730437905	
979	0.0	-0.01098791208791178	918.9070411113282	112.70315340063098	1165.6926318953	
980	0.0	-0.01342967032967055	919.7906144238282	112.53658546473889	1163.5689709638264	
981	0.0	0.0061043956043955825	920.6741877363282	112.43555690191715	1164.870827907198	
982	0.0	-0.015871428571428647	921.5562270673829	112.29758090714313	1163.396357879331	
983	0.0	-0.01098791208791178	922.4351984355469	112.06049608920875	1156.977492979193	
984	0.0	-0.0012208791208793855	923.314169803711	111.91669687427202	1156.7706260095183	
985	0.0	-0.028080219780219812	924.1916071904297	111.75277916692721	1155.0460986305698	
986	0.0	-0.028080219780219812	925.0690445771485	111.65335804906499	1156.5488345902413	
987	0.0	-0.01098791208791178	925.9434140009766	111.43965794667747	1151.336256480904	
988	0.0	-0.008546153846153681	926.8162494433594	111.23334320682625	1147.662482850753	
989	0.0	-0.01342967032967055	927.6875509042969	111.03150791588268	1144.8072082181288	
990	0.0	-0.018313186813186746	928.5588523652344	110.90908862039942	1146.2136821389367	
991	0.0	-0.04273076923076908	929.4270858632814	110.68143941779272	1141.3003109615356	
992	0.0	-0.01342967032967055	930.2937853798829	110.4666641207441	1138.024906522891	
993	0.0	0.003662637362637484	931.1604848964845	110.33639631459664	1139.377759689769	
994	0.0	0.003662637362637484	932.0256504316407	110.18068582177511	1138.3888539883164	
995	0.0	0.0012208791208793855	932.8908159667969	110.08624263128877	1140.2101551713877	
996	0.0	0.01098791208791178	933.7544475205079	109.95226086684124	1138.9483497304564	
997	0.0	-0.003662637362637484	934.6150111113282	109.71759867211222	1132.5963671547906	
998	0.0	-0.008546153846153681	935.4771086835939	109.6519679247358	1136.2273512282509	
999	0.0	0.0012208791208793855	936.3361382929688	109.45876271861925	1131.7802230155148	
1000	0.0	0.0012208791208793855	937.1951679023439	109.3415778343333	1132.087001915811	
1001	0.0	-0.015871428571428647	938.0526635302735	109.19380253494455	1130.2601970590476	
1002	0.0	0.0012208791208793855	938.9101591582032	109.10417228268489	1131.449904397181	
1003	0.0	-0.008546153846153681	939.7661208046876	108.97310971291154	1129.7301827628435	
1004	0.0	-0.008546153846153681	940.622082451172	108.8936162438331	1130.724977379894	
1005	0.0	0.01098791208791178	941.4749761347657	108.69200287175772	1124.8944673260157	
1006	0.0	-0.015871428571428647	942.3278698183594	108.56971817687736	1124.4929191349474	
1007	0.0	0.0012208791208793855	943.1792295205079	108.41884968592785	1122.3157878261218	
1008	0.0	-0.018313186813186746	944.0305892226563	108.32734331808751	1123.341106672061	
1009	0.0	-0.0061043956043955825	944.8788809619141	108.11844375443616	1117.715896006348	
1010	0.0	-0.020754945054944844	945.727172701172	107.99173976081511	1117.552159329267	
1011	0.0	-0.015871428571428647	946.5723964775391	107.76149175735918	1111.7530289372125	
1012	0.0	-0.003662637362637484	947.4176202539063	107.62183928012382	1111.8157460690345	
1013	0.0	-0.01098791208791178	948.2597760673829	107.38373762414994	1106.3552995356695	
1014	0.0	-0.01342967032967055	949.1019318808594	107.2393216657365	1106.7455532612958	
1015	0.0	0.01098791208791178	949.944087694336	107.15172895684373	1109.22774110307	
1016	0.0	-0.01342967032967055	950.7847095263672	107.02190221963974	1108.2602672998182	
1017	0.0	-0.018313186813186746	951.6237973769532	106.86645924866025	1105.8571540433886	
1018	0.0	0.0012208791208793855	952.4628852275391	106.77217831835878	1106.81653533178	
1019	0.0	0.0012208791208793855	953.3004390966797	106.63829496969993	1105.0294260926166	
1020	0.0	-0.020754945054944844	954.136458984375	106.48039153943682	1102.1922540203705	
1021	0.0	-0.015871428571428647	954.9709448906251	106.30791919284093	1099.091668764012	
1022	0.0	-0.01342967032967055	955.8038968154298	106.12661035156634	1096.0578437032846	
1023	0.0	-0.020754945054944844	956.6368487402344	106.01664097747562	1097.0368607700384	
1024	0.0	-0.023196703296702943	957.4667327021485	105.79654303412826	1091.6706432391238	
1025	0.0	-0.0061043956043955825	958.2950826826172	105.58634780744615	1088.0031609862835	
1026	0.0	-0.01098791208791178	959.1218986816407	105.3821588822102	1085.2120389696838	
1027	0.0	-0.020754945054944844	959.9456467177736	105.10491389079834	1079.024112254344	
1028	0.0	-0.003662637362637484	960.7678607724611	104.86005722641858	1075.7468030814443	
1029	0.0	-0.01342967032967055	961.5885408457032	104.63484507592511	1073.7312748800396	
1030	0.0	0.003662637362637484	962.4076869375001	104.42154792575457	1072.1756079988581	
1031	0.0	-0.0012208791208793855	963.2268330292969	104.2921766610234	1074.5485514191705	
1032	0.0	0.0012208791208793855	964.0444451396485	104.13700994807004	1074.164421654411	
1033	0.0	-0.0012208791208793855	964.8605232685547	103.96619750449463	1072.5091292875804	
1034	0.0	-0.003662637362637484	965.6750674160157	103.7858954453186	1070.3261092905495	
1035	0.0	-0.003662637362637484	966.4880775820313	103.59983764321078	1067.9705579169085	
1036	0.0	-0.15505164835164834	967.3010877480469	103.48698787866306	1069.4348091636311	
1037	0.0	0.0012208791208793855	968.1140979140625	103.41854103468359	1072.0775947330512	
1038	0.0	0.0061043956043955825	968.9240401171876	103.2236277795746	1067.074880582325	
1039	0.0	0.008546153846153681	969.7355163017579	103.18210598342557	1070.9061911997665	
1040	0.0	0.0012208791208793855	970.5454585048828	103.08022266806802	1070.040656847416	
1041	0.0	-0.01342967032967055	971.3538667265626	102.94172823964618	1067.2648878404166	
1042	0.0	-0.018313186813186746	972.160740966797	102.78102804806986	1063.8997597969492	
1043	0.0	-0.03052197802197791	972.9676152070314	102.68355845219776	1064.3573927910743	
1044	0.0	-0.003662637362637484	973.7729554658204	102.54774108004494	1062.3155375687788	
1045	0.0	-0.018313186813186746	974.5767617431642	102.3886646052124	1059.3539258824471	
1046	0.0	-0.0061043956043955825	975.3790340390626	102.21548077109765	1056.1961035542572	
1047	0.0	-0.0012208791208793855	976.181306334961	102.11043946309655	1056.973578805946	
1048	0.0	0.0012208791208793855	976.9835786308595	102.04672868752095	1059.0784019620023	
1049	0.0	-0.003662637362637484	977.7827829638672	101.85468800321541	1053.6757571838884	
1050	0.0	0.0012208791208793855	978.5819872968751	101.73820943711326	1053.384879121767	
1051	0.0	-0.018313186813186746	979.3796576484376	101.59086254137219	1051.1845946219173	
1052	0.0	-0.003662637362637484	980.1757940185548	101.424793056809	1048.3061603471838	
1053	0.0	-0.01098791208791178	980.9719303886719	101.32406682002329	1049.1424738120068	
1054	0.0	0.0061043956043955825	981.7680667587891	101.26297326751956	1051.2158902054503	
1055	0.0	-0.01098791208791178	982.5626691474611	101.14921908157703	1049.5884553410406	
1056	0.0	0.050056043956044044	983.3557375546876	101.00352460596332	1046.5351474456666	
1057	0.0	0.01342967032967055	984.1472719804689	100.83845736489457	1043.113635254098	
1058	0.0	0.0061043956043955825	984.9388064062501	100.73833901956095	1043.604971674879	
1059	0.0	-0.023196703296702943	985.728806850586	100.60091509959602	1041.62474334532	
1060	0.0	-0.015871428571428647	986.518807294922	100.51756327649491	1042.5604436763651	
1061	0.0	-0.01098791208791178	987.3072737578126	100.390308766604	1040.5890373028396	
1062	0.0	-0.003662637362637484	988.0942062392579	100.23642593040859	1037.5370132382345	
1063	0.0	-0.01342967032967055	988.8811387207032	100.14309126971057	1038.0785520769718	
1064	0.0	-0.0061043956043955825	989.6650032392579	99.93308279033954	1032.188341655975	
1065	0.0	-0.020754945054944844	990.4488677578125	99.80570620531216	1031.881116745999	
1066	0.0	0.003662637362637484	991.2296643134766	99.57505025454884	1026.0054142925155	
1067	0.0	-0.01098791208791178	992.0089268876953	99.35845127249195	1022.1930775755914	
1068	0.0	-0.0012208791208793855	992.7866554804689	99.15037827321794	1019.41366724717	
1069	0.0	-0.0012208791208793855	993.5628500917969	98.94747654398816	1017.1281901204643	
1070	0.0	0.0012208791208793855	994.3375107216798	98.74771134867478	1015.0618918709879	
1071	0.0	0.0012208791208793855	995.1106373701173	98.54984855743533	1013.0797631678774	
1072	0.0	0.008546153846153681	995.8837640185548	98.42983870486205	1014.9540594919645	
1073	0.0	-0.018313186813186746	996.6538227041017	98.20365090329142	1010.2869731382343	
1074	0.0	-0.008546153846153681	997.4238813896485	98.06646106307744	1010.973178661302	
1075	0.0	0.0012208791208793855	998.19240609375	97.90655214423896	1009.6875596592868	
1076	0.0	-0.028080219780219812	998.9593968164063	97.73286340732011	1007.5592217679309	
1077	0.0	-0.008546153846153681	999.7263875390626	97.62751586028025	1008.9689615165234	
1078	0.0	-0.01342967032967055	1000.4933782617188	97.56361934133747	1011.4620341186319	
1079	0.0	-0.015871428571428647	1001.2588350029298	97.44816507022915	1010.1327162285097	
1080	0.0	-0.015871428571428647	1002.0227577626954	97.30143944082374	1007.2866596151644	
1081	0.0	-0.01098791208791178	1002.7851465410157	97.13574677336146	1004.0068848322348	
1082	0.0	-0.01342967032967055	1003.5460013378907	96.95855001546443	1000.7589603216047	
1083	0.0	-0.008546153846153681	1004.3068561347657	96.85107474607503	1001.5441817657224	
1084	0.0	-0.0061043956043955825	1005.0661769501954	96.70918862599501	999.856594658354	
1085	0.0	-0.01342967032967055	1005.8239637841798	96.54643126937299	997.2042188684186	
1086	0.0	0.0012208791208793855	1006.5802166367189	96.37101486753818	994.2911906918212	
1087	0.0	0.0012208791208793855	1007.3364694892579	96.26461943871982	995.2518547326408	
