0	0.0	-0.008546153846153681	0.0	0.0	0.0	
1	0.0	-0.03052197802197791	0.0	0.0	0.0	
2	0.0	-0.015871428571428647	0.0	0.0	0.0	
3	0.0	-0.015871428571428647	0.0	0.0	0.0	
4	0.0	-0.015871428571428647	0.0	0.0	0.0	
5	0.0	-0.020754945054944844	0.0	0.0	0.0	
6	0.0	-0.01098791208791178	0.0	0.0	0.0	
7	0.0	-0.003662637362637484	0.0	0.0	0.0	
8	0.0	-0.018313186813186746	0.0	0.0	0.0	
9	0.0	-0.015871428571428647	0.0	0.0	0.0	
10	0.0	-0.03052197802197791	0.0	0.0	0.0	
11	0.0	-0.018313186813186746	0.0	0.0	0.0	
12	0.0	-0.0012208791208793855	0.0	0.0	0.0	
13	0.0	-0.01342967032967055	0.0	0.0	0.0	
14	0.0	0.0061043956043955825	0.0	0.0	0.0	
15	0.0	-0.018313186813186746	0.0	0.0	0.0	
16	0.0	-0.023196703296702943	0.0	0.0	0.0	
17	0.0	-0.015871428571428647	0.0	0.0	0.0	
18	0.0	-0.01098791208791178	0.0	0.0	0.0	
19	0.0	-0.0061043956043955825	0.0	0.0	0.0	
20	0.0	-0.01098791208791178	0.0	0.0	0.0	
21	0.0	-0.01098791208791178	0.0	0.0	0.0	
22	0.0	-0.018313186813186746	0.0	0.0	0.0	
23	0.0	-0.0061043956043955825	0.0	0.0	0.0	
24	0.0	-0.03540549450549411	0.0	0.0	0.0	
25	0.0	-0.020754945054944844	0.0	0.0	0.0	
26	0.0	-0.023196703296702943	0.0	0.0	0.0	
27	0.0	-0.03296373626373601	0.0	0.0	0.0	
28	0.0	-0.01098791208791178	0.0	0.0	0.0	
29	0.0	-0.015871428571428647	0.0	0.0	0.0	
30	0.0	-0.03052197802197791	0.0	0.0	0.0	
31	0.0	-0.025638461538461714	0.0	0.0	0.0	
32	0.0	-0.025638461538461714	0.0	0.0	0.0	
33	0.0	-0.020754945054944844	0.0	0.0	0.0	
34	0.0	-0.01342967032967055	0.0	0.0	0.0	
35	0.0	-0.01342967032967055	0.0	0.0	0.0	
36	0.0	-0.008546153846153681	0.0	0.0	0.0	
37	0.0	-0.008546153846153681	0.0	0.0	0.0	
38	0.0	-0.01342967032967055	0.0	0.0	0.0	
39	0.0	-0.008546153846153681	0.0	0.0	0.0	
40	0.0	-0.01098791208791178	0.0	0.0	0.0	
41	0.0	-0.0061043956043955825	0.0	0.0	0.0	
42	0.0	-0.018313186813186746	0.0	0.0	0.0	
43	0.0	-0.018313186813186746	0.0	0.0	0.0	
44	0.0	-0.018313186813186746	0.0	0.0	0.0	
45	0.0	-0.01342967032967055	0.0	0.0	0.0	
46	0.0	-0.023196703296702943	0.0	0.0	0.0	
47	0.0	-0.0012208791208793855	0.0	0.0	0.0	
48	0.0	-0.01342967032967055	0.0	0.0	0.0	
49	0.0	-0.020754945054944844	0.0	0.0	0.0	
50	0.0	-0.025638461538461714	0.0	0.0	0.0	
51	0.0	-0.023196703296702943	0.0	0.0	0.0	
52	0.0	-0.020754945054944844	0.0	0.0	0.0	
53	0.0	-0.023196703296702943	0.0	0.0	0.0	
54	0.0	-0.015871428571428647	0.0	0.0	0.0	
55	0.0	-0.023196703296702943	0.0	0.0	0.0	
56	0.0	-0.03296373626373601	0.0	0.0	0.0	
57	0.0	-0.020754945054944844	0.0	0.0	0.0	
58	0.0	-0.023196703296702943	0.0	0.0	0.0	
59	0.0	-0.01342967032967055	0.0	0.0	0.0	
60	0.0	-0.008546153846153681	0.0	0.0	0.0	
61	0.0	-0.018313186813186746	0.0	0.0	0.0	
62	0.0	-0.01098791208791178	0.0	0.0	0.0	
63	0.0	-0.020754945054944844	0.0	0.0	0.0	
64	0.0	-0.023196703296702943	0.0	0.0	0.0	
65	0.0	-0.015871428571428647	0.0	0.0	0.0	
66	0.0	-0.025638461538461714	0.0	0.0	0.0	
67	0.0	-0.018313186813186746	0.0	0.0	0.0	
68	0.0	-0.01342967032967055	0.0	0.0	0.0	
69	0.0	-0.01098791208791178	0.0	0.0	0.0	
70	0.0	-0.01342967032967055	0.0	0.0	0.0	
71	0.0	-0.003662637362637484	0.0	0.0	0.0	
72	0.0	-0.0061043956043955825	0.0	0.0	0.0	
73	0.0	0.003662637362637484	0.0	0.0	0.0	
74	0.0	-0.01098791208791178	0.0	0.0	0.0	
75	0.0	-0.018313186813186746	0.0	0.0	0.0	
76	0.0	-0.015871428571428647	0.0	0.0	0.0	
77	0.0	-0.023196703296702943	0.0	0.0	0.0	
78	0.0	-0.0061043956043955825	0.0	0.0	0.0	
79	0.0	-0.020754945054944844	0.0	0.0	0.0	
80	0.0	-0.025638461538461714	0.0	0.0	0.0	
81	0.0	-0.028080219780219812	0.0	0.0	0.0	
82	0.0	-0.01098791208791178	0.0	0.0	0.0	
83	0.0	-0.01342967032967055	0.0	0.0	0.0	
84	0.0	-0.0061043956043955825	0.0	0.0	0.0	
85	0.0	-0.008546153846153681	0.0	0.0	0.0	
86	0.0	-0.008546153846153681	0.0	0.0	0.0	
87	0.0	-0.008546153846153681	0.0	0.0	0.0	
88	0.0	0.0012208791208793855	0.0	0.0	0.0	
89	0.0	-0.0012208791208793855	0.0	0.0	0.0	
90	0.0	-0.018313186813186746	0.0	0.0	0.0	
91	0.0	0.008546153846153681	0.0	0.0	0.0	
92	0.0	0.003662637362637484	0.0	0.0	0.0	
93	0.0	0.0012208791208793855	0.0	0.0	0.0	
94	0.0	0.0012208791208793855	0.0	0.0	0.0	
95	0.0	-0.0061043956043955825	0.0	0.0	0.0	
96	0.0	-0.0061043956043955825	0.0	0.0	0.0	
97	0.0	-0.01342967032967055	0.0	0.0	0.0	
98	0.0	-0.008546153846153681	0.0	0.0	0.0	
99	0.0	-0.020754945054944844	0.0	0.0	0.0	
100	0.0	-0.003662637362637484	0.0	0.0	0.0	
101	0.0	-0.018313186813186746	0.0	0.0	0.0	
102	0.0	-0.008546153846153681	0.0	0.0	0.0	
103	0.0	-0.008546153846153681	0.0	0.0	0.0	
104	0.0	-0.028080219780219812	0.0	0.0	0.0	
105	0.0	-0.03052197802197791	0.0	0.0	0.0	
106	0.0	-0.03296373626373601	0.0	0.0	0.0	
107	0.0	-0.020754945054944844	0.0	0.0	0.0	
108	0.0	-0.0061043956043955825	0.0	0.0	0.0	
109	0.0	0.008546153846153681	0.0	0.0	0.0	
110	0.0	-0.018313186813186746	0.0	0.0	0.0	
111	0.0	-0.015871428571428647	0.0	0.0	0.0	
112	0.0	-0.023196703296702943	0.0	0.0	0.0	
113	0.0	-0.008546153846153681	0.0	0.0	0.0	
114	0.0	-0.008546153846153681	0.0	0.0	0.0	
115	0.0	0.0012208791208793855	0.0	0.0	0.0	
116	0.0	-0.008546153846153681	0.0	0.0	0.0	
117	0.0	-0.0012208791208793855	0.0	0.0	0.0	
118	0.0	0.0012208791208793855	0.0	0.0	0.0	
119	0.0	0.0061043956043955825	0.0	0.0	0.0	
120	0.0	0.0012208791208793855	0.0	0.0	0.0	
121	0.0	-0.01098791208791178	0.0	0.0	0.0	
122	0.0	-0.0012208791208793855	0.0	0.0	0.0	
123	0.0	0.008546153846153681	0.0	0.0	0.0	
124	0.0	-0.0061043956043955825	0.0	0.0	0.0	
125	0.0	-0.008546153846153681	0.0	0.0	0.0	
126	0.0	0.0012208791208793855	0.0	0.0	0.0	
127	0.0	-0.015871428571428647	0.0	0.0	0.0	
128	0.0	-0.008546153846153681	0.0	0.0	0.0	
129	0.0	-0.01342967032967055	0.0	0.0	0.0	
130	0.0	-0.025638461538461714	0.0	0.0	0.0	
131	0.0	-0.025638461538461714	0.0	0.0	0.0	
132	0.0	-0.023196703296702943	0.0	0.0	0.0	
133	0.0	-0.015871428571428647	0.0	0.0	0.0	
134	0.0	-0.015871428571428647	0.0	0.0	0.0	
135	0.0	-0.008546153846153681	0.0	0.0	0.0	
136	0.0	-0.01098791208791178	0.0	0.0	0.0	
137	0.0	-0.008546153846153681	0.0	0.0	0.0	
138	0.0	-0.015871428571428647	0.0	0.0	0.0	
139	0.0	-0.0061043956043955825	0.0	0.0	0.0	
140	0.0	-0.0012208791208793855	0.0	0.0	0.0	
141	0.0	-0.01098791208791178	0.0	0.0	0.0	
142	0.0	-0.0061043956043955825	0.0	0.0	0.0	
143	0.0	0.0012208791208793855	0.0	0.0	0.0	
144	0.0	0.003662637362637484	0.0	0.0	0.0	
145	0.0	-0.008546153846153681	0.0	0.0	0.0	
146	0.0	-0.0061043956043955825	0.0	0.0	0.0	
147	0.0	0.0012208791208793855	0.0	0.0	0.0	
148	0.0	0.0012208791208793855	0.0	0.0	0.0	
149	0.0	-0.0061043956043955825	0.0	0.0	0.0	
150	0.0	-0.008546153846153681	0.0	0.0	0.0	
151	0.0	-0.01098791208791178	0.0	0.0	0.0	
152	0.0	-0.01342967032967055	0.0	0.0	0.0	
153	0.0	-0.018313186813186746	0.0	0.0	0.0	
154	0.0	0.003662637362637484	0.0	0.0	0.0	
155	0.0	-0.18923626373626373	0.0	0.0	0.0	
156	0.0	-0.025638461538461714	0.0	0.0	0.0	
157	0.0	0.0061043956043955825	0.0	0.0	0.0	
158	0.0	0.0012208791208793855	0.0	0.0	0.0	
159	0.0	-0.015871428571428647	0.0	0.0	0.0	
160	0.0	-0.018313186813186746	0.0	0.0	0.0	
161	0.0	-0.025638461538461714	0.0	0.0	0.0	
162	0.0	-0.01342967032967055	0.0	0.0	0.0	
163	0.0	-0.01342967032967055	0.0	0.0	0.0	
164	0.0	-0.003662637362637484	0.0	0.0	0.0	
165	0.0	-0.0061043956043955825	0.0	0.0	0.0	
166	0.0	-0.015871428571428647	0.0	0.0	0.0	
167	0.0	-0.020754945054944844	0.0	0.0	0.0	
168	0.0	0.0012208791208793855	0.0	0.0	0.0	
169	0.0	-0.015871428571428647	0.0	0.0	0.0	
170	0.0	-0.015871428571428647	0.0	0.0	0.0	
171	0.0	-0.003662637362637484	0.0	0.0	0.0	
172	0.0	-0.03296373626373601	0.0	0.0	0.0	
173	0.0	-0.023196703296702943	0.0	0.0	0.0	
174	0.0	0.0012208791208793855	0.0	0.0	0.0	
175	0.0	-0.008546153846153681	0.0	0.0	0.0	
176	0.0	-0.01342967032967055	0.0	0.0	0.0	
177	0.0	-0.020754945054944844	0.0	0.0	0.0	
178	0.0	-0.015871428571428647	0.0	0.0	0.0	
179	0.0	-0.018313186813186746	0.0	0.0	0.0	
180	0.0	-0.028080219780219812	0.0	0.0	0.0	
181	0.0	-0.015871428571428647	0.0	0.0	0.0	
182	0.0	-0.01098791208791178	0.0	0.0	0.0	
183	0.0	-0.025638461538461714	0.0	0.0	0.0	
184	0.0	-0.008546153846153681	0.0	0.0	0.0	
185	0.0	-0.018313186813186746	0.0	0.0	0.0	
186	0.0	-0.01342967032967055	0.0	0.0	0.0	
187	0.0	-0.018313186813186746	0.0	0.0	0.0	
188	0.0	-0.0061043956043955825	0.0	0.0	0.0	
189	0.0	-0.015871428571428647	0.0	0.0	0.0	
190	0.0	-0.01098791208791178	0.0	0.0	0.0	
191	0.0	-0.01342967032967055	0.0	0.0	0.0	
192	0.0	-0.015871428571428647	0.0	0.0	0.0	
193	0.0	0.003662637362637484	0.0	0.0	0.0	
194	0.0	0.0012208791208793855	0.0	0.0	0.0	
195	0.0	0.0012208791208793855	0.0	0.0	0.0	
196	0.0	-0.015871428571428647	0.0	0.0	0.0	
197	0.0	-0.018313186813186746	0.0	0.0	0.0	
198	0.0	0.0012208791208793855	0.0	0.0	0.0	
199	0.0	-0.0061043956043955825	0.0	0.0	0.0	
200	50.0	-0.018313186813186746	0.0	0.0	0.0	
201	50.0	-0.003662637362637484	0.019941758789062503	0.9970879394531251	49.854396972656254	
202	50.0	0.0012208791208793855	0.0935728681640625	4.286319890877568	198.812527921102	
203	50.0	-0.0061043956043955825	0.220893328125	8.965807499785237	372.24014973285136	
204	50.0	0.0012208791208793855	0.4003691572265625	14.411828740423848	535.0575833568037	
205	50.0	0.7313065934065932	0.6320003554687501	20.322776143031057	679.5209759993043	
206	50.0	1.4003483516483513	0.9173209042968751	26.592414597296514	809.4580147940497	
207	50.0	1.837423076923077	1.2532628408203126	32.9262120331328	917.3372712611683	
208	50.0	2.164618681318681	1.6428941279296876	39.4523220039755	1018.5101216479409	
209	50.0	2.4112362637362645	2.083146802734375	45.94167728218229	1104.9552051280832	
210	50.0	2.5943681318681304	2.5770888281250004	52.56213785634313	1190.7088427764245	
211	50.0	2.755524175824176	3.1216522412109375	59.108719669778466	1266.3346672083449	
212	50.0	2.8507527472527463	3.716837041992188	65.61049174851568	1336.9663842910866	
213	50.0	2.914238461538461	4.36264323046875	72.08508534856693	1405.2657572276516	
214	50.0	2.953306593406593	5.059070806640626	78.5431943675633	1472.5730831406236	
215	50.0	2.9777241758241755	5.807653751953126	85.06800405473149	1543.3699702705308	
216	50.0	3.036326373626374	6.6083920664062505	91.63326974326765	1615.2462716100972	
217	50.0	3.053418681318681	7.459751768554688	98.14637416540324	1683.3132770971647	
218	50.0	3.0656274725274724	8.363266839843751	104.70454025162434	1753.7158236651412	
219	50.0	3.08271978021978	9.317403298828125	111.21333854716733	1820.9993415837093	
220	50.0	3.0729527472527476	10.323695126953126	117.76889283551441	1890.993633773504	
221	50.0	3.0876032967032963	11.379074361328126	124.19940792326105	1954.235189455202	
222	50.0	3.094928571428571	12.483541001953126	130.554082900119	2015.3252060056502	
223	50.0	3.109579120879121	13.640163011718752	137.01615666776866	2083.9593738822723	
224	50.0	3.102253846153846	14.847406409179689	143.46667202435287	2151.6644308844734	
225	50.0	3.1046956043956047	16.105271194335938	149.91017685005795	2218.9856724319343	
226	50.0	3.102253846153846	17.415291348632813	156.42612864599414	2290.0180767059246	
227	50.0	3.1120208791208785	18.772864927734375	162.75592453497472	2350.6700946748188	
228	50.0	3.102253846153846	20.182593875976565	169.2029083726319	2419.425441581585	
229	50.0	3.107137362637362	21.644478193359376	175.72097029603947	2491.273580477372	
230	50.0	3.0924868131868135	23.156983898437502	182.2054441865937	2560.0574639095457	
231	50.0	3.094928571428571	24.718577009765628	188.59284683260398	2623.670080565141	
232	50.0	3.107137362637362	26.330791508789066	194.99807186328985	2689.490454977209	
233	50.0	3.1046956043956047	27.993627395507815	201.41410671700305	2756.3727864703924	
234	50.0	3.129113186813187	29.707084669921876	207.83669805998625	2823.7311483227722	
235	50.0	3.0900450549450547	31.46962935058594	214.18656704257432	2887.4413383944257	
236	50.0	3.1120208791208785	33.2812614375	220.4923276827385	2950.0695418438336	
237	50.0	3.1339967032967033	35.143514912109374	226.84803433241427	3016.562270220269	
238	50.0	3.0900450549450547	37.05792375585938	233.31073384127535	3088.4573073357915	
239	50.0	3.1120208791208785	39.021420005859376	239.68492965683413	3154.295498458274	
240	50.0	3.0998120879120874	41.03553764355469	246.08214433971443	3221.6711017022644	
241	50.0	3.0778362637362635	43.10027666894532	252.49332067175715	3289.621278049992	
242	50.0	3.1046956043956047	45.214103100585945	258.8362661000417	3353.867910867826	
243	50.0	3.0876032967032963	47.377016938476565	265.13782739213184	3416.9291358826868	
244	50.0	3.094928571428571	49.5905521640625	271.49098700837885	3483.749799716439	
245	50.0	3.0924868131868135	51.85470877734375	277.8754425910688	3552.048389308042	
246	50.0	3.0924868131868135	54.16948677832032	284.2788801374454	3620.7567731910876	
247	50.0	3.126671428571428	56.53335218554688	290.617131754826	3685.583610546866	
248	50.0	3.109579120879121	58.94783898046875	296.9925451788813	3752.904683896986	
249	50.0	3.107137362637362	61.412947163085946	303.39049837866924	3821.1607684166847	
250	50.0	3.0998120879120874	63.92714275195313	309.72542357160273	3885.798547043063	
251	50.0	3.0900450549450547	66.49042574707032	316.02212034492413	3949.2217185881564	
252	50.0	3.116904395604396	69.1027961484375	322.29563040904804	4012.5025976467423	
253	50.0	3.0876032967032963	71.76732191894531	328.70847516729464	4083.7276034143615	
254	50.0	3.109579120879121	74.48246907714844	335.1291316195184	4153.769532413453	
255	50.0	3.09737032967033	77.24516966015625	341.40112795924097	4215.302519791929	
256	50.0	3.126671428571428	80.05695764941407	347.65965645267306	4277.821004925912	
257	50.0	3.126671428571428	82.9193670263672	353.9867153564537	4344.981586407761	
258	50.0	3.08271978021978	85.83086380957032	360.2786409840933	4410.05722620266	
259	50.0	3.126671428571428	88.79298198046875	366.6259562742662	4478.2495168894875	
260	50.0	3.0851615384615387	91.8057215390625	373.0068670939081	4547.470912182449	
261	50.0	3.09737032967033	94.86601452246094	379.25475648822703	4609.124215423584	
262	50.0	3.09737032967033	97.9769288935547	385.57536245202846	4675.925462191517	
263	50.0	3.102253846153846	101.13693067089845	391.86337417361847	4740.883489580934	
264	50.0	3.0924868131868135	104.3475538359375	398.20831555970926	4809.06530106504	
265	50.0	3.0998120879120874	107.60573042578126	404.43438838917154	4870.64734440398	
266	50.0	3.148647252747252	110.91606238476564	410.81846100940584	4941.579543683496	
267	50.0	3.1046956043956047	114.27394776855469	417.0682681327726	5004.22133999047	
268	50.0	3.107137362637362	117.68245454003907	423.39003725807197	5071.592319845164	
269	50.0	3.0583021978021976	121.14004871777345	429.6787544727931	5136.8778221269	
270	50.0	3.09737032967033	124.64673030175783	435.9474246898426	5201.412334032371	
271	50.0	3.0924868131868135	128.2024992919922	442.20393578784115	5265.80305290228	
272	50.0	3.109579120879121	131.80121976269533	448.14627571807614	5314.955801479664	
273	50.0	3.0924868131868135	135.42294995507814	452.9009732580371	5309.896824193733	
274	50.0	3.0778362637362635	139.04468014746095	455.7848431719822	5232.898817248482	
275	50.0	3.094928571428571	142.6587404326172	457.15050337957473	5122.181836585911	
276	50.0	2.8165681318681317	146.25899488476563	457.28852653832655	4999.279705897887	
277	50.0	2.296473626373625	149.84237554101563	456.528552023211	4880.405216751529	
278	50.0	1.6787087912087906	153.40734841992187	455.1472152994902	4774.101399440115	
279	50.0	1.1390802197802206	156.95084555859376	453.2356051907027	4677.413575842173	
280	50.0	0.6434032967032962	160.47440093847658	451.079067079374	4598.638186942317	
281	50.0	0.26493076923076947	163.97801455957034	448.7739726210475	4534.535562351943	
282	50.0	-0.05738131868131834	167.46628836621096	446.6088713979252	4493.147145093153	
283	50.0	-0.2820230769230768	170.93768837695313	444.4519812941371	4459.523918564872	
284	50.0	-0.4505043956043957	174.39681653613283	442.5301687029187	4441.987706656506	
285	50.0	-0.5188736263736259	177.8421388623047	440.6742387620925	4426.718648571808	
286	50.0	-0.5774758241758242	181.27518933691408	438.9349677420105	4415.635249877028	
287	50.0	-0.5677087912087911	184.69750194140627	437.34315300827984	4409.111635745467	
288	50.0	-0.5652670329670331	188.11061065722657	435.9174741078823	4406.895864171027	
289	50.0	-0.5603835164835169	191.5129815029297	434.5158626145476	4400.874773849602	
290	50.0	-0.4920142857142854	194.90768244140628	433.28224688642877	4399.841330214709	
291	50.0	-0.45782967032967004	198.29471347265627	432.1505257433764	4399.22092389657	
292	50.0	-0.43829560439560455	201.6740745966797	431.08060679190567	4397.26670440942	
293	50.0	-0.367484615384615	205.04729979492188	430.1248718377519	4397.377493383381	
294	50.0	-0.33818351648351647	208.41438906738284	429.23839298069106	4396.965355419521	
295	50.0	-0.2991153846153849	211.77687639550783	428.470619143307	4398.994154411437	
296	50.0	-0.2673725274725276	215.1332277978516	427.69814446950113	4396.82278879025	
297	50.0	-0.22097912087912036	218.4849772558594	426.99951766647064	4396.011940208824	
298	50.0	-0.17702747252747256	221.83365875097658	426.4223809346968	4398.712998811323	
299	50.0	-0.15993516483516454	225.1762043203125	425.7655335134623	4393.985211426247	
300	50.0	-0.1257505494505498	228.51568192675782	425.2137372583875	4393.660909512844	
301	50.0	-0.0988912087912087	231.85209157031252	424.72565775815565	4394.374042771709	
302	50.0	-0.047614285714285276	235.1854332509766	424.2762244243131	4394.72569668094	
303	50.0	-0.09156593406593441	238.5126390058594	423.69683303137754	4386.58729564329	
304	50.0	-0.025638461538461714	241.8398447607422	423.34541437804546	4390.659915078952	
305	50.0	-0.0012208791208793855	245.16244857128908	422.9021709678236	4387.089342067826	
306	50.0	0.020754945054944844	248.48658636328128	422.71002931477597	4395.650512603446	
307	50.0	0.008546153846153681	251.80612221093753	422.3633922912286	4392.325825982563	
308	50.0	0.05493956043956024	255.1271920400391	422.2298453752119	4399.534026035388	
309	50.0	0.05493956043956024	258.4421259433594	421.842048784878	4390.642693045422	
310	50.0	0.09400769230769183	261.76012780957035	421.7602364012546	4398.949484554636	
311	50.0	0.1037747252747249	265.0735277314453	421.4805174640951	4393.7550275182	
312	50.0	0.11842527472527416	268.38692765332036	421.3108593479992	4394.953708548146	
313	50.0	0.1037747252747249	271.6972596123047	421.05455835159955	4390.6488090085	
314	50.0	0.12086703296703226	275.0091255527344	420.975803007208	4395.857867960145	
315	50.0	0.1623769230769233	278.31792353027345	420.7746373303962	4392.571961589565	
316	50.0	0.12819230769230722	281.62672150781253	420.652624176415	4393.706832491087	
317	50.0	0.15260989010988957	284.9339855039063	420.50192038335626	4392.4573643731055	
318	50.0	0.11109999999999987	288.24124950000004	420.41051390985194	4394.0427785565735	
319	50.0	0.1452846153846146	291.54697951464846	420.2783740074028	4392.590683274528	
320	50.0	0.1574934065934071	294.8511755478516	420.1215280307715	4389.929599043702	
321	50.0	0.16726043956044018	298.1569055625	420.1030952067558	4394.589281613458	
322	50.0	0.19900329670329678	301.4595676142578	419.938516989012	4390.032222096357	
323	50.0	0.15505164835164767	304.76376364746096	419.91539432359787	4393.662164144229	
324	50.0	0.18435274725274753	308.06642569921877	419.824670645432	4392.3884101754265	
325	50.0	0.20144505494505557	311.3706217324219	419.8463430238262	4396.8614323160255	
326	50.0	0.1892362637362644	314.6717498027344	419.7060898416257	4391.567571937077	
327	50.0	0.19900329670329678	317.9744118544922	419.69772105645825	4394.372397872328	
328	50.0	0.1892362637362644	321.2755399248047	419.61594605926075	4392.368781340792	
329	50.0	0.20144505494505557	324.5766679951172	419.56634701491566	4392.425025071661	
330	50.0	0.21609560439560482	327.8777960654297	419.53626367301877	4393.230341538176	
331	50.0	0.21121208791208795	331.1789241357422	419.5180172033106	4394.186548906255	
332	50.0	0.20388681318681365	334.4800522060547	419.5069501597045	4395.05022772184	
333	50.0	0.20388681318681365	337.7811802763672	419.500237658267	4395.746154062654	
334	50.0	0.21609560439560482	341.0807743652344	419.4194672479571	4392.437672099637	
335	50.0	0.24783846153846145	344.3819024355469	419.4471765886519	4395.52180846603	
336	50.0	0.23807142857142904	347.6814965244141	419.38728408152747	4393.126632681342	
337	50.0	0.16726043956044018	350.98109061328125	419.35095743867714	4392.605138444214	
338	50.0	0.22097912087912103	354.2822186835938	419.4056232876974	4396.688623530383	
339	50.0	0.24539670329670335	357.581812772461	419.36208072979935	4394.480443512864	
340	50.0	0.23562967032967028	360.88294084277345	419.41236990498146	4397.653100358755	
341	50.0	0.25028021978022025	364.18100095019537	419.2894736878843	4391.125573247704	
342	50.0	0.21365384615384672	367.4805950390625	419.2916324344842	4392.912263431921	
343	50.0	0.228304395604396	370.7801891279297	419.2929417805244	4393.962380036195	
344	50.0	0.2527219780219783	374.08131719824223	419.37043501132575	4398.413902895132	
345	50.0	0.21609560439560482	377.3793773056641	419.2640388884756	4392.23905831372	
346	50.0	0.20877032967032985	380.6789713945313	419.27620544841193	4393.983105505587	
347	50.0	0.22097912087912103	383.97703150195315	419.20688576796965	4391.016795270643	
348	50.0	0.21121208791208795	387.2781595722657	419.3182393998504	4397.965378414734	
349	50.0	0.17458571428571446	390.57621967968754	419.2323806489512	4392.778590736954	
350	50.0	0.2527219780219783	393.87581376855474	419.257003754974	4394.80259438022	
351	50.0	0.23318791208791217	397.1738738759766	419.195239351855	4391.812402656113	
352	50.0	0.19900329670329678	400.47193398339846	419.15777734667427	4390.959118633873	
353	50.0	0.2307461538461541	403.77152807226565	419.2117545636029	4394.859016496794	
354	50.0	0.20388681318681365	407.0695881796875	419.16779432921976	4392.55019256199	
355	50.0	0.24539670329670335	410.3691822685547	419.2178301708045	4395.668300130168	
356	50.0	0.2307461538461541	413.66724237597657	419.17147937135815	4392.946579840915	
357	50.0	0.23562967032967028	416.96683646484377	419.22006526189944	4395.851423391909	
358	50.0	0.25028021978022025	420.2648965722657	419.17283502266946	4393.022896853985	
359	50.0	0.24295494505494525	423.5644906611328	419.2208875060096	4395.876633324224	
360	50.0	0.2698142857142857	426.8610167871094	419.0966346666937	4389.190448974128	
361	50.0	0.24051318681318715	430.1606108759766	419.17466965257336	4394.736956063229	
362	50.0	0.27469780219780254	433.45867098339846	419.14530119305346	4393.052783008425	
363	50.0	0.24783846153846145	436.759799053711	419.28088646597826	4400.157830316595	
364	50.0	0.21365384615384672	440.0563251796875	419.1330258764501	4390.8542177212	
365	50.0	0.24051318681318715	443.3559192685547	419.19674203762406	4395.18024518657	
366	50.0	0.23318791208791217	446.6524453945313	419.0819896994253	4389.143499949179	
367	50.0	0.24051318681318715	449.9520394833985	419.1657870306626	4394.936190907883	
368	50.0	0.19900329670329678	453.25009959082035	419.13991361037915	4393.311738681048	
369	50.0	0.24539670329670335	456.54969367968755	419.20091965954634	4396.563711414383	
370	50.0	0.23562967032967028	459.8462198056641	419.0845235552624	4389.917657875274	
371	50.0	0.24051318681318715	463.1458138945313	419.1673238919575	4395.36634315881	
372	50.0	0.24295494505494525	466.44234002050786	419.0641466916386	4389.713789338399	
373	50.0	0.23562967032967028	469.7404001279297	419.07826562682385	4391.724571690978	
374	50.0	0.24295494505494525	473.0384602353516	419.0868291941297	4392.724641140838	
375	50.0	0.2258626373626379	476.3365203427735	419.09202326040395	4393.198061212108	
376	50.0	0.2527219780219783	479.63458045019536	419.0951736209281	4393.404443793141	
377	50.0	0.22342087912087913	482.9326405576172	419.09708441123075	4393.480637005625	
378	50.0	0.2307461538461541	486.2322346464844	419.1749424364316	4397.332093747529	
379	50.0	0.24783846153846145	489.5302947539063	419.1454666448335	4394.622572176155	
380	50.0	0.2258626373626379	492.82988884277347	419.20428774529137	4397.27242942102	
381	50.0	0.2624890109890114	496.12948293164067	419.2399645471196	4397.965054805518	
382	50.0	0.26493076923076947	499.42907702050786	419.2616036218533	4397.830423835865	
383	50.0	0.2624890109890114	502.72867110937506	419.27472838449467	4397.412305557191	
384	50.0	0.2551637362637364	506.0267312167969	419.2059898833868	4393.119676787392	
385	50.0	0.21609560439560482	509.3263253056641	419.2409969460896	4395.4198168306175	
386	50.0	0.24295494505494525	512.6259193945313	419.2622298035021	4396.27060641726	
387	50.0	0.24539670329670335	515.9239795019531	419.19840911059873	4392.621538490774	
388	50.0	0.27469780219780254	519.2220396093751	419.15969990258236	4391.400598566415	
389	50.0	0.24295494505494525	522.520099716797	419.13622158047656	4391.26194067323	
390	50.0	0.24783846153846145	525.8181598242188	419.121981257882	4391.542898862292	
391	50.0	0.24051318681318715	529.117753913086	419.1900431376562	4395.769681388014	
392	50.0	0.20388681318681365	532.4173480019532	419.231324755634	4397.275077804581	
393	50.0	0.24051318681318715	535.7154081093751	419.17966425102713	4393.711315925375	
394	50.0	0.23807142857142904	539.0134682167969	419.14833057023134	4392.353041061819	
395	50.0	0.23562967032967028	542.3145962871095	419.2827238761747	4399.686312346108	
396	50.0	0.23562967032967028	545.6141903759766	419.2875384666222	4398.209565410452	
397	50.0	0.23562967032967028	548.9137844648438	419.29045866341403	4397.23901225099	
398	50.0	0.24539670329670335	552.213378553711	419.2922298523481	4396.604936590076	
399	50.0	0.2258626373626379	555.5145066240235	419.37000320504376	4400.027764098399	
400	0.0	0.2600472527472526	558.8125667314454	419.26377698471333	4393.2246286864465	
401	0.0	0.24539670329670335	562.1136948017579	419.35274566799853	4398.419910057837	
402	0.0	0.24783846153846145	565.4056189833985	418.94651347002946	4377.177934486226	
403	0.0	0.23562967032967028	568.6960091835938	418.6234221080449	4366.775472130783	
404	0.0	0.23807142857142904	571.9787294765625	418.04396192447166	4346.314956902566	
405	0.0	0.16481868131868208	575.2614497695313	417.69250154751717	4342.914905694863	
406	0.0	0.015871428571428647	578.5380341367188	417.17253375837754	4330.977623842296	
407	0.0	0.0695901098901095	581.8115505410157	416.70375919909566	4324.152235808877	
408	0.0	0.050056043956044044	585.077397038086	416.03593768733845	4308.126516847271	
409	0.0	0.03540549450549411	588.341709553711	415.5541843819956	4304.955259809809	
410	0.0	-0.015871428571428647	591.5998861435547	414.9551899348953	4295.1826402254555	
411	0.0	0.018313186813186746	594.8565287519532	414.51518235559706	4294.733905267971	
412	0.0	0.0012208791208793855	598.1070354345703	413.9415079719365	4285.963485171018	
413	0.0	0.008546153846153681	601.3544741542969	413.4401587155662	4281.893966110052	
414	0.0	-0.01342967032967055	604.5957769482422	412.8292787230639	4271.881215509848	
415	0.0	0.008546153846153681	607.8340117792969	412.30536312358527	4267.636685431302	
416	0.0	0.003662637362637484	611.0676446660157	411.7574950239796	4261.703617218751	
417	0.0	-0.020754945054944844	614.2982095898439	411.2717980705529	4258.953783772435	
418	0.0	0.01342967032967055	617.524172569336	410.74711075215964	4253.333042916656	
419	0.0	-0.0061043956043955825	620.7455336044923	410.1987745813494	4246.577259911399	
420	0.0	0.003662637362637484	623.9622926953125	409.6360946560926	4239.500749011606	
421	0.0	-0.03540549450549411	627.1759838232423	409.14141387605196	4236.287687807124	
422	0.0	-0.020754945054944844	630.3820050439454	408.4578794466979	4222.855765113409	
423	0.0	-0.01342967032967055	633.5864922832031	407.9665957747966	4221.502041236028	
424	0.0	-0.008546153846153681	636.7863775781251	407.4385199402968	4216.814950126189	
425	0.0	-0.0012208791208793855	639.981660928711	406.8881285305106	4210.67814150668	
426	0.0	-0.01098791208791178	643.1738763164063	406.40090111204336	4207.843967560995	
427	0.0	0.015871428571428647	646.3599557783203	405.7985864474067	4198.360914804081	
428	0.0	0.025638461538461714	649.5429672773438	405.27986598204734	4194.304482614174	
429	0.0	0.0012208791208793855	652.7213768320313	404.73514889066064	4188.40472372327	
430	0.0	0.008546153846153681	655.8967184238281	404.2513631203801	4185.626099177409	
431	0.0	-0.015871428571428647	659.0659240898439	403.65113592093985	4176.123225523574	
432	0.0	-0.01098791208791178	662.2320617929688	403.1336815672512	4172.02231388608	
433	0.0	-0.025638461538461714	665.3920635703125	402.5130333391571	4162.240936784005	
434	0.0	-0.018313186813186746	668.550531366211	402.0598920774428	4162.12357925377	
435	0.0	-0.023196703296702943	671.7028632363282	401.47825171252043	4153.758362018138	
436	0.0	-0.01342967032967055	674.8521271435548	400.9720708441382	4150.058471937362	
437	0.0	-0.01098791208791178	677.9952551250001	400.35826033072226	4140.3450381577495	
438	0.0	-0.025638461538461714	681.1353151435547	399.8325672804276	4136.327618837089	
439	0.0	0.062264835164835206	684.2707732177735	399.28362110237504	4130.559937396516	
440	0.0	-0.0012208791208793855	687.4046973105469	398.8739693335592	4131.762132481279	
441	0.0	-0.008546153846153681	690.5309514960938	398.2420076078779	4119.686103713371	
442	0.0	0.023196703296702943	693.6556717001954	397.7820043628308	4118.352880251945	
443	0.0	-0.008546153846153681	696.7742559785157	397.19620199449855	4109.356898262653	
444	0.0	-0.015871428571428647	699.8897722939454	396.6874967433905	4105.3391439419465	
445	0.0	0.0012208791208793855	703.0006866650391	396.1488541866711	4099.30712034731	
446	0.0	-0.003662637362637484	706.1085330732423	395.6687528079856	4096.353821806864	
447	0.0	-0.0061043956043955825	709.2102435556641	395.0707603050687	4086.6877153494243	
448	0.0	-0.0012208791208793855	712.3088860751953	394.5546613633851	4082.4530512822694	
449	0.0	-0.028080219780219812	715.4029266503907	394.0115343065336	4076.40442788608	
450	0.0	0.0012208791208793855	718.4954332441407	393.6054120132103	4077.345743020973	
451	0.0	-0.023196703296702943	721.5802699306641	392.9755910227177	4065.056603645784	
452	0.0	0.0012208791208793855	724.6620386542969	392.4401871269365	4059.7258827022815	
453	0.0	-0.015871428571428647	727.7407394150391	391.96205009546975	4057.1475886188473	
454	0.0	-0.0695901098901095	730.8148382314454	391.4419481016521	4051.513344346162	
455	0.0	0.01098791208791178	733.8843351035157	390.8963930709069	4044.678075061287	
456	0.0	-0.01098791208791178	736.9507640126953	390.4120990646552	4041.3450636677026	
457	0.0	-0.015871428571428647	740.0110569960938	389.8115636045259	4031.5138398166364	
458	0.0	-0.01098791208791178	743.0667480351564	389.21722320902336	4023.383613166565	
459	0.0	-0.015871428571428647	746.1209050927735	388.7800384547663	4023.8586752413794	
460	0.0	-0.015871428571428647	749.1689262246094	388.20807620111736	4015.6046749961097	
461	0.0	-0.015871428571428647	752.215413375	387.78446447640454	4015.656712557242	
462	0.0	-0.03540549450549411	755.2542306181641	387.1440356092353	4003.1001377706016	
463	0.0	-0.015871428571428647	758.2915138798829	386.67889678310894	4001.6071018345992	
464	0.0	-0.01342967032967055	761.3226612158204	386.0899795273217	3992.5940405203455	
465	0.0	-0.025638461538461714	764.3507405888672	385.57938500142336	3988.6143596577567	
466	0.0	-0.020754945054944844	767.3742180175782	385.03959654159553	3982.6348046366857	
467	0.0	-0.018313186813186746	770.3961614648438	384.63549920978403	3983.566100864349	
468	0.0	-0.0061043956043955825	773.4089010234376	383.9302073482977	3967.4044454902287	
469	0.0	-0.015871428571428647	776.4216405820313	383.50242619862547	3968.5683093921507	
470	0.0	-0.0012208791208793855	779.4282442148439	382.93616751961963	3960.585874330238	
471	0.0	-0.0012208791208793855	782.433313866211	382.51601518787356	3960.7139410743166	
472	0.0	0.003662637362637484	785.4307136103516	381.87768454866455	3948.149691098495	
473	0.0	-0.018313186813186746	788.4265793730469	381.41381836217624	3946.6193751128885	
474	0.0	0.0061043956043955825	791.416309209961	380.8256730013818	3937.5639143557983	
475	0.0	-0.01098791208791178	794.4029710839844	380.31554665345175	3933.546514930831	
476	0.0	0.003662637362637484	797.3850310136719	379.7760421579078	3927.5368028636112	
477	0.0	-0.0061043956043955825	800.3624889990235	379.21871891463525	3920.775485403834	
478	0.0	-0.015871428571428647	803.3368790214845	378.7272871265159	3917.670309003881	
479	0.0	0.0012208791208793855	806.3051331181641	378.1224223827012	3908.0882576182994	
480	0.0	-0.023196703296702943	809.2718532333985	377.678854288366	3907.8463838690113	
481	0.0	0.028080219780219812	812.2324374228516	377.1030203431219	3899.256792983133	
482	0.0	-0.01342967032967055	815.1914876308595	376.6770603186742	3899.1654844727545	
483	0.0	0.01342967032967055	818.1428679316407	376.03520713569014	3886.5584790118337	
484	0.0	-0.003662637362637484	821.0881123066407	375.33910720155836	3873.5521408101104	
485	0.0	-0.06470659340659331	824.0333566816407	374.91690123780427	3876.4868784315786	
486	0.0	0.0061043956043955825	826.9739991123048	374.43072315234895	3873.3267990703316	
487	0.0	-0.015871428571428647	829.9100395986329	373.90574401261983	3867.464712481691	
488	0.0	-0.01098791208791178	832.8414781406251	373.35723084324127	3860.5670833426702	
489	0.0	-0.015871428571428647	835.7698487197266	372.87114263518015	3857.2422441298986	
490	0.0	0.01098791208791178	838.6936173544923	372.3462180088609	3851.2788281571593	
491	0.0	-0.015871428571428647	841.6127840449219	371.7977379035219	3844.318892022269	
492	0.0	-0.023196703296702943	844.528882772461	371.3116697498335	3840.9557476019054	
493	0.0	-0.025638461538461714	847.4403795556641	370.7867572870964	3834.968786524707	
494	0.0	-0.025638461538461714	850.3472743945313	370.23828455934563	3827.994380433316	
495	0.0	-0.020754945054944844	853.2495672890626	369.67552180812345	3820.78739121485	
496	0.0	-0.01342967032967055	856.1487922207032	369.18079079154995	3817.49647874563	
497	0.0	-0.025638461538461714	859.0449491894532	368.72732310900756	3815.522978826919	
498	0.0	-0.020754945054944844	861.934970232422	368.14548475985066	3806.037029728006	
499	0.0	-0.008546153846153681	864.8219233125001	367.63918380795803	3801.660459799181	
500	0.0	-0.01342967032967055	867.7042744482422	367.10199953246047	3795.373419694064	
501	0.0	-0.008546153846153681	870.5835576210939	366.6227826460745	3792.2427713734887	
502	0.0	-0.01342967032967055	873.4567048681641	366.0253266148866	3782.4553440889904	
503	0.0	0.008546153846153681	876.3298521152344	365.66295120429277	3785.808660982826	
504	0.0	0.015871428571428647	879.1937954736329	364.98296496790135	3770.467311905775	
505	0.0	-0.003662637362637484	882.0577388320313	364.57053245613497	3771.735246016715	
506	0.0	0.0061043956043955825	884.9155462646485	364.0135831968364	3763.5772806634213	
507	0.0	0.015871428571428647	887.7702857343751	363.52237824147596	3759.619179490901	
508	0.0	-0.045172527472527174	890.621957241211	363.07104922321014	3757.186183327829	
509	0.0	0.0061043956043955825	893.469026803711	362.56720711179514	3751.223235727117	
510	0.0	-0.008546153846153681	896.3114944218751	362.0315141984829	3743.9357770156676	
511	0.0	-0.003662637362637484	899.1478261142579	361.39980372446735	3732.5052480831237	
512	0.0	0.04028901098901098	901.9841578066407	361.01665194352245	3735.3945870381776	
513	0.0	-0.0061043956043955825	904.8128195917969	360.40076327339193	3723.9298212148296	
514	0.0	-0.0061043956043955825	907.6414813769532	360.0272079018541	3726.5523852431907	
515	0.0	-0.0061043956043955825	910.4624732548829	359.41713974844606	3714.77660011688	
516	0.0	-0.01098791208791178	913.2803971699219	358.89371655431023	3709.4501124367616	
517	0.0	-0.01342967032967055	916.0952531220704	358.42284618591657	3706.6881010765683	
518	0.0	-0.008546153846153681	918.9039731484376	357.83045257392223	3696.994485532423	
519	0.0	-0.0061043956043955825	921.7126931748047	357.47114767586027	3700.3259878565987	
520	0.0	-0.01098791208791178	924.5137432939454	356.8697228717574	3688.7586185684504	
521	0.0	-0.023196703296702943	927.3132594316407	356.4282412063985	3687.259101862912	
522	0.0	-0.025638461538461714	930.1066396435548	355.8536727443279	3677.874270590879	
523	0.0	-0.05493956043956024	932.8969518925782	355.351781202	3673.44599410308	
524	0.0	-0.0061043956043955825	935.684196178711	354.89397044090583	3670.8939852089225	
525	0.0	-0.008546153846153681	938.4668385205078	354.38619695362286	3664.9596357054234	
526	0.0	-0.023196703296702943	941.2464128994142	353.9248186124969	3661.58560419274	
527	0.0	-0.018313186813186746	944.0198513525391	353.33818220620014	3651.373190534712	
528	0.0	-0.008546153846153681	946.7902218427735	352.82897108549514	3646.630601336079	
529	0.0	-0.020754945054944844	949.555990388672	352.29002170336025	3640.1668087908347	
530	0.0	-0.0061043956043955825	952.320224953125	351.88643329788465	3640.7913534990676	
531	0.0	-0.028080219780219812	955.0783235917969	351.33484826036874	3632.1056379788934	
532	0.0	-0.018313186813186746	957.8333542675782	350.8468968700763	3627.744033221432	
533	0.0	-0.0061043956043955825	960.5837829990235	350.32084216657677	3621.180757287988	
534	0.0	0.008546153846153681	963.3296097861329	349.7716766347512	3613.874558967791	
535	0.0	0.0012208791208793855	966.0723686103516	349.28519274887367	3610.3120534317677	
536	0.0	-0.018313186813186746	968.8120594716797	348.83672720408504	3608.0455914499616	
537	0.0	0.0012208791208793855	971.547148388672	348.3346218771767	3602.1391285189147	
538	0.0	0.0012208791208793855	974.2776353613282	347.7999823769351	3594.858924671382	
539	0.0	-0.008546153846153681	977.0050543710938	347.32230897479167	3591.086324011394	
540	0.0	0.0012208791208793855	979.7263374550782	346.72578911414166	3580.885533696477	
541	0.0	-0.008546153846153681	982.444552576172	346.2105833751848	3576.303669728586	
542	0.0	-0.015871428571428647	985.1612337158203	345.8213962177033	3577.700477985896	
543	0.0	-0.0061043956043955825	987.8702449482423	345.20184690657334	3565.424289043651	
544	0.0	-0.0061043956043955825	990.5777221992188	344.7493721717037	3563.776664820505	
545	0.0	-0.01342967032967055	993.2790635244141	344.1681360757502	3554.4729302363066	
546	0.0	-0.008546153846153681	995.9788708681641	343.73889948119177	3554.0324683328527	
547	0.0	0.003662637362637484	998.6725422861329	343.17175803017744	3545.0995907958913	
548	0.0	-0.01342967032967055	1001.363145741211	342.6743711978852	3540.829957407752	
549	0.0	-0.0061043956043955825	1004.0491472519532	342.1425936093656	3534.4691742176146	
550	0.0	-0.0061043956043955825	1006.7320807998047	341.6666560444937	3531.2097312540154	
551	0.0	-0.015871428571428647	1009.4104124033204	341.1478880946597	3525.1281503450737	
552	0.0	-0.028080219780219812	1012.0841420625001	340.6031422024753	3518.0008149557834	
553	0.0	-0.018313186813186746	1014.7548037587892	340.1193389636246	3514.4780754224576	
554	0.0	-0.008546153846153681	1017.4208635107423	339.59580024121533	3508.3590984293205	
555	0.0	-0.01098791208791178	1020.0838552998048	339.12485980135534	3505.118214308741	
556	0.0	0.003662637362637484	1022.7407111630861	338.53242368889187	3495.1352372698802	
557	0.0	0.01342967032967055	1025.3944990634766	338.01969486845337	3490.62198657304	
558	0.0	-0.0012208791208793855	1028.0436850195313	337.4786118934935	3484.351990681409	
559	0.0	0.008546153846153681	1030.6898030126954	336.9970303263108	3481.2923000859228	
560	0.0	-0.0012208791208793855	1033.3328530429687	336.55153818819235	3479.2545858842495	
561	0.0	-0.008546153846153681	1035.969767147461	335.9745372513644	3469.6056791413466	
562	0.0	-0.020754945054944844	1038.6036132890627	335.47117033846007	3465.055054709992	
563	0.0	-0.020754945054944844	1041.2343914677735	335.0124647198754	3462.4517781975464	
564	0.0	-0.0061043956043955825	1043.859033720703	334.42744940180273	3452.665293608481	
565	0.0	-0.0964494505494506	1046.483675973633	334.07261966537044	3455.8257447946744	
566	0.0	-0.003662637362637484	1049.100648319336	333.4739091840311	3444.0850445933556	
567	0.0	0.0061043956043955825	1051.7160866835939	333.0340738387167	3442.438193058808	
568	0.0	-0.01098791208791178	1054.323855140625	332.38380484796653	3429.103446867455	
569	0.0	-0.018313186813186746	1056.9285556347656	331.8359986127907	3423.45647406844	
570	0.0	-0.008546153846153681	1059.531722147461	331.42703825432545	3424.714157966526	
571	0.0	0.0012208791208793855	1062.128752734375	330.8721949624596	3416.4959879145244	
572	0.0	-0.0012208791208793855	1064.724249339844	330.4589664132218	3416.3035792073606	
573	0.0	-0.01098791208791178	1067.3136100195313	329.9015343327701	3407.272248520345	
574	0.0	-0.03052197802197791	1069.898368754883	329.3333374592985	3398.9569781314367	
575	0.0	-0.018313186813186746	1072.4800595273439	328.8353104808921	3395.0783529187756	
576	0.0	-0.0061043956043955825	1075.0571483554688	328.30314462412207	3388.964681650743	
577	0.0	-0.008546153846153681	1077.6327032021486	327.90367063492886	3389.6961103468875	
578	0.0	0.04028901098901098	1080.202122123047	327.3545811170479	3381.0112492300996	
579	0.0	-0.020754945054944844	1082.7684730810547	326.86814333593065	3376.6113604929706	
580	0.0	-0.018313186813186746	1085.331756076172	326.4197057551646	3373.83628304398	
581	0.0	-0.015871428571428647	1087.8873691640626	325.76421924473107	3359.9509871963273	
582	0.0	-0.03540549450549411	1090.4429822519533	325.36664656832	3361.7211222530277	
583	0.0	-0.008546153846153681	1092.9924594140625	324.8187102549855	3353.6367053799786	
584	0.0	-0.03052197802197791	1095.5404025947266	324.40967100012494	3353.4180272278154	
585	0.0	-0.03540549450549411	1098.0837438310548	323.93147892748675	3348.140578657836	
586	0.0	-0.025638461538461714	1100.6209491416016	323.334644477276	3337.0351165985994	
587	0.0	-0.15016813186813213	1103.1550864892579	322.81924793007784	3331.909432938168	
588	0.0	-0.008546153846153681	1105.6846218925782	322.2765468970174	3325.3094574721163	
589	0.0	0.003662637362637484	1108.2126233144531	321.870683000212	3325.909736528325	
590	0.0	0.008546153846153681	1110.7360227919924	321.39441687962244	3321.079637793091	
591	0.0	0.03296373626373601	1113.2548203251954	320.8754496506881	3314.0505146069027	
592	0.0	-0.018313186813186746	1115.7690159140625	320.33058288958273	3306.3515642980274	
593	0.0	-0.020754945054944844	1118.2801435400393	319.84670634002396	3302.48400214124	
594	0.0	-0.025638461538461714	1120.7866692216799	319.3231231523896	3296.157019537397	
595	0.0	-0.028080219780219812	1123.2901269404297	318.8521557430213	3292.790665011851	
596	0.0	-0.015871428571428647	1125.7889827148438	318.33640234499035	3286.566959279113	
597	0.0	-0.045172527472527174	1128.2863045078127	317.9468830155238	3286.976455554064	
598	0.0	0.003662637362637484	1130.7759563935547	317.327132231876	3274.106596464113	
599	0.0	-0.020754945054944844	1133.2640742978517	316.87453529773484	3272.1020257300115	
600	0.0	-0.008546153846153681	1135.7460562763672	316.293225084155	3262.5836921812497	
601	0.0	0.003662637362637484	1138.2265042734375	315.8639435350051	3262.014221859783	
602	0.0	-0.003662637362637484	1140.7023503261719	315.37347388995113	3256.8387493618975	
603	0.0	0.003662637362637484	1143.1735944345703	314.84589178767055	3249.820993379042	
604	0.0	0.0012208791208793855	1145.6417705800782	314.3724989139082	3246.0978417161223	
605	0.0	-0.0061043956043955825	1148.10534478125	313.85527439729776	3239.6954405019806	
606	0.0	0.01342967032967055	1150.5658510195312	313.3881637169543	3236.1844729180266	
607	0.0	-0.018313186813186746	1153.0217553134767	312.8747495433636	3229.8130876297328	
608	0.0	0.0012208791208793855	1155.4745916445313	312.40994995296205	3226.2616861032457	
609	0.0	-0.07447362637362637	1157.9243600126954	311.97463659858477	3223.6647954522687	
610	0.0	-0.023196703296702943	1160.3695264365235	311.4805084786276	3217.353417335831	
611	0.0	0.01098791208791178	1162.8116248974611	311.02740647135215	3213.5385380585412	
612	0.0	-0.008546153846153681	1165.2491214140625	310.5224889877063	3206.7650037130716	
613	0.0	0.0061043956043955825	1167.6804820048828	309.90944475585275	3195.167666349822	
614	0.0	0.0012208791208793855	1170.1118425957031	309.5376146234121	3197.665594226377	
615	0.0	-0.008546153846153681	1172.5386012421875	309.08199102495564	3193.457295372871	
616	0.0	-0.003662637362637484	1174.9607579443361	308.5755441188958	3186.484347564945	
617	0.0	-0.020754945054944844	1177.3798466835938	308.1149703899646	3182.4597476457875	
618	0.0	-0.020754945054944844	1179.7927994970705	307.52882200569	3171.84023358406	
619	0.0	0.0061043956043955825	1182.2026843476563	307.0199068852671	3166.843137370204	
620	0.0	-0.01098791208791178	1184.611035216797	306.6345351809214	3167.890283306826	
621	0.0	-0.018313186813186746	1187.0132501601563	306.0939991313935	3159.177641542521	
622	0.0	-0.03296373626373601	1189.4139311220704	305.68944836355513	3158.462860904481	
623	0.0	-0.015871428571428647	1191.8084761582031	305.13727962374105	3148.979767003617	
624	0.0	-0.01342967032967055	1194.1999532314453	304.648974200034	3144.1436036336563	
625	0.0	-0.015871428571428647	1196.588362341797	304.19940383670473	3141.132951733989	
626	0.0	-0.015871428571428647	1198.9721695078126	303.696628403457	3134.7922933310983	
627	0.0	0.020754945054944844	1201.3529087109375	303.23828153539216	3131.0941095349262	
628	0.0	-0.020754945054944844	1203.7305799511719	302.80688195508264	3128.307859198663	
629	0.0	-0.01098791208791178	1206.1036492470705	302.31512765913067	3121.8207743462826	
630	0.0	-0.008546153846153681	1208.4736505800781	301.8634654489433	3117.8624135584378	
631	0.0	-0.01098791208791178	1210.8375159873049	301.28272217413905	3107.1445126237268	
632	0.0	0.0012208791208793855	1213.1983134316408	300.77708541844913	3102.0036990830286	
633	0.0	-0.003662637362637484	1215.556042913086	300.3170030705878	3099.0777479785665	
634	0.0	0.01098791208791178	1217.9107044316406	299.88455086850445	3096.7868649913307	
635	0.0	-0.003662637362637484	1220.2607640058595	299.39215812521434	3090.6166025820876	
636	0.0	-0.008546153846153681	1222.6077556171876	298.94010867713223	3086.8603313805925	
637	0.0	-0.01098791208791178	1224.9486113027344	298.35913053063996	3076.2710250416712	
638	0.0	-0.003662637362637484	1227.287933006836	297.9300503903505	3075.0468136419804	
639	0.0	-0.01342967032967055	1229.6226527666017	297.4397029058964	3069.4710889380967	
640	0.0	-0.015871428571428647	1231.9527705820315	296.91219489779905	3062.208668271618	
641	0.0	0.0012208791208793855	1234.2813544160158	296.51554603668774	3062.1709215138453	
642	0.0	-0.008546153846153681	1236.6053363056642	296.04486911796266	3056.8105583062897	
643	0.0	-0.01098791208791178	1238.9247162509766	295.5292919113708	3049.372908372143	
644	0.0	-0.0012208791208793855	1241.2410282333985	295.063180375153	3045.2084170804446	
645	0.0	0.0012208791208793855	1243.551204290039	294.473673140812	3034.5901605629115	
646	0.0	-0.008546153846153681	1245.8598463652345	294.0394198471331	3033.4810066100763	
647	0.0	-0.0061043956043955825	1248.165420477539	293.6226337587068	3031.890457435333	
648	0.0	-0.008546153846153681	1250.4648586640626	293.0630439216329	3022.066426938427	
649	0.0	-0.01098791208791178	1252.7627628691407	292.64693644711224	3020.973817432532	
650	0.0	-0.01098791208791178	1255.0560651298829	292.1644572824007	3015.276204635844	
651	0.0	-0.01342967032967055	1257.343231464844	291.5650225793579	3003.982558988224	
652	0.0	-0.028080219780219812	1259.6288638183594	291.124747971342	3002.618120492405	
653	0.0	-0.04028901098901098	1261.909894227539	290.62761069882254	2997.131403683281	
654	0.0	-0.015871428571428647	1264.1878566738283	290.17268354821863	2993.863495334306	
655	0.0	-0.008546153846153681	1266.4627511572266	289.7433581314035	2991.2850479375447	
656	0.0	0.047614285714285276	1268.733043696289	289.2528618792785	2984.8917513035703	
657	0.0	0.050056043956044044	1270.9987342910158	288.72526363900397	2977.1357613314376	
658	0.0	-0.008546153846153681	1273.262890904297	288.3285600493182	2976.8000526457945	
659	0.0	-0.0061043956043955825	1275.520911591797	287.78115086376783	2967.42486373626	
660	0.0	-0.003662637362637484	1277.7758643164063	287.2957322558068	2962.5801429591465	
661	0.0	-0.0061043956043955825	1280.027749078125	286.8479128346953	2959.519414362496	
662	0.0	-0.028080219780219812	1282.275031895508	286.346199401647	2953.1211579530373	
663	0.0	-0.020754945054944844	1284.5207807314455	285.96519574159174	2953.206480043502	
664	0.0	-0.01342967032967055	1286.7603936416017	285.42730904494965	2943.8425450037503	
665	0.0	0.0061043956043955825	1288.995404607422	284.8709670462995	2935.021633671304	
666	0.0	-0.01098791208791178	1291.228881591797	284.4568294854398	2934.4869468984925	
667	0.0	0.0012208791208793855	1293.4562226503908	283.898846061551	2925.2621480556772	
668	0.0	0.0061043956043955825	1295.6804957460938	283.40701385360444	2920.673059605804	
669	0.0	0.003662637362637484	1297.9032348603516	283.0320034597098	2921.702056908707	
670	0.0	-0.01342967032967055	1300.1213720302735	282.5744509351134	2916.6522556765667	
671	0.0	0.025638461538461714	1302.3349072558594	282.0668340761913	2909.198903244018	
672	0.0	-0.003662637362637484	1304.5438405371094	281.52885166270426	2901.0661608698356	
673	0.0	0.0720318681318676	1306.7497058554688	281.04915068117407	2896.8284475493983	
674	0.0	-0.008546153846153681	1308.9525032109377	280.6047991759551	2894.0469856809905	
675	0.0	-0.028080219780219812	1311.1522326035158	280.18188821251533	2891.5991449790763	
676	0.0	-0.020754945054944844	1313.347360051758	279.6952825230983	2885.185328607491	
677	0.0	-0.0012208791208793855	1315.5394195371096	279.2467431007026	2881.1913530279107	
678	0.0	0.008546153846153681	1317.7268770781252	278.74459296472196	2874.2382488088897	
679	0.0	0.0012208791208793855	1319.91126665625	278.28662535866897	2870.158875251156	
680	0.0	-0.0061043956043955825	1322.0910542900392	277.77875674015377	2863.3005709698355	
681	0.0	-0.018313186813186746	1324.2677739609376	277.3173206990323	2859.3676117128816	
682	0.0	0.0012208791208793855	1326.4398916875002	276.807348368151	2852.6520420065644	
683	0.0	-0.0061043956043955825	1328.6104754326172	276.42133543320233	2852.673319348898	
684	0.0	-0.0061043956043955825	1330.7764572333986	275.9571095299907	2847.1833807607836	
685	0.0	-0.015871428571428647	1332.937837089844	275.4454450621997	2839.5668341848996	
686	0.0	-0.003662637362637484	1335.0961489833985	274.98170672198466	2835.2329984081643	
687	0.0	-0.020754945054944844	1337.248324951172	274.3936389039591	2824.4751290506792	
688	0.0	-0.023196703296702943	1339.3989669375	273.96025866031414	2823.2589145042057	
689	0.0	-0.003662637362637484	1341.5465409609376	273.5440021036047	2821.589854966487	
690	0.0	-0.020754945054944844	1343.6879790585938	272.98473344373633	2811.709971970735	
691	0.0	-0.015871428571428647	1345.8278831748048	272.5688207730418	2810.5784923087504	
692	0.0	0.01098791208791178	1347.964719328125	272.16315883507195	2808.6892282268873	
693	0.0	-0.01098791208791178	1350.0969535371096	271.6870152088086	2802.3460050062276	
694	0.0	-0.01342967032967055	1352.224585801758	271.16812227637274	2794.39722076647	
695	0.0	0.0012208791208793855	1354.3506840849611	270.7766987229552	2793.8092198285667	
696	0.0	0.0012208791208793855	1356.470646442383	270.23249204133754	2784.1989099868333	
697	0.0	-0.0061043956043955825	1358.5890748183594	269.8257149225101	2782.9967398457975	
698	0.0	-0.023196703296702943	1360.7044352314454	269.42559397703735	2780.922553451208	
699	0.0	0.0012208791208793855	1362.8136597187502	268.8761120604031	2770.5460600781716	
700	0.0	-0.003662637362637484	1364.9213502246096	268.4661353496631	2768.9611994063707	
701	0.0	0.003662637362637484	1367.024438786133	267.98737468123727	2762.869695490597	
702	0.0	0.01098791208791178	1369.1213914218752	267.3901953602326	2751.279324842708	
703	0.0	-0.0012208791208793855	1371.2152760947267	266.87458963834797	2745.8648915574468	
704	0.0	-0.01342967032967055	1373.3091607675783	266.56185895120143	2750.597893829183	
705	0.0	-0.015871428571428647	1375.3969095146485	266.0653819069703	2742.9913603108125	
706	0.0	-0.008546153846153681	1377.4815902988282	265.6108552051446	2738.42745238094	
707	0.0	-0.023196703296702943	1379.5632031201174	265.1817726728041	2735.056715005927	
708	0.0	-0.008546153846153681	1381.6386800156251	264.6147246653127	2724.344140034218	
709	0.0	0.0012208791208793855	1383.7126229296875	264.19409358159464	2722.8285662389844	
710	0.0	-0.0061043956043955825	1385.7819638994142	263.7088707092189	2716.9447490771963	
711	0.0	0.008546153846153681	1387.8467029248047	263.1844709354773	2709.4157795920273	
712	0.0	-0.008546153846153681	1389.90990796875	262.7897073138738	2709.168033654516	
713	0.0	-0.0061043956043955825	1391.9700450498049	262.39687292301096	2707.485940006898	
714	0.0	0.01098791208791178	1394.0240462050783	261.85181052520056	2697.2339661263413	
715	0.0	-0.0061043956043955825	1396.0765133789064	261.4445143882476	2695.6559123752486	
716	0.0	-0.0012208791208793855	1398.1243786083985	260.96737957009464	2689.526857507375	
717	0.0	0.0012208791208793855	1400.167641893555	260.44788544942276	2681.7233847366915	
718	0.0	-0.003662637362637484	1402.2078372158205	259.97939818463055	2677.397913772018	
719	0.0	-0.025638461538461714	1404.2449645751954	259.54184814257314	2674.388864970395	
720	0.0	-0.008546153846153681	1406.2774899902345	259.04636340290017	2667.8622779783873	
721	0.0	-0.01098791208791178	1408.306947442383	258.5924385641847	2663.9379616525202	
722	0.0	-0.028080219780219812	1410.3333369316408	258.1637210802728	2660.9457979886593	
723	0.0	-0.023196703296702943	1412.3551244765627	257.67359355808003	2654.2921171523794	
724	0.0	-0.04028901098901098	1414.3723100771485	257.1462189638696	2646.3724628879518	
725	0.0	-0.003662637362637484	1416.3864277148439	256.67295195008046	2642.099055758701	
726	0.0	-0.01098791208791178	1418.3974773896487	256.23250284366077	2639.1959043722454	
727	0.0	-0.03784725274725288	1420.4039251201173	255.73525973250798	2632.7786242247657	
728	0.0	-0.008546153846153681	1422.4073048876953	255.2802683875634	2628.9479463246716	
729	0.0	-0.015871428571428647	1424.4091506738282	254.92760310719314	2629.8641136867354	
730	0.0	-0.0061043956043955825	1426.4048605341798	254.40690450716647	2620.563485538223	
731	0.0	-0.023196703296702943	1428.3975024316408	253.93768668870325	2615.34867205286	
732	0.0	-0.018313186813186746	1430.387076366211	253.49969354346104	2611.8115689254246	
733	0.0	0.003662637362637484	1432.3720483564455	253.00394004808913	2604.971590483712	
734	0.0	-0.018313186813186746	1434.3539523837892	252.5498522008129	2600.8613714448	
735	0.0	0.01342967032967055	1436.3327884482424	252.12103584718716	2597.7589866604467	
736	0.0	-0.01098791208791178	1438.3070225683596	251.63084835748305	2591.039990633619	
737	0.0	0.0012208791208793855	1440.278188725586	251.18013646335748	2586.916606733592	
738	0.0	0.003662637362637484	1442.2478209013673	250.83006680119433	2587.5886988364	
739	0.0	-0.0012208791208793855	1444.2113171513672	250.3109425232542	2578.099672949591	
740	0.0	0.0012208791208793855	1446.1702114570314	249.7659805071453	2568.9111581093384	
741	0.0	-0.018313186813186746	1448.1260377998049	249.28204618245945	2564.1416104635555	
742	0.0	-0.01342967032967055	1450.0787961796875	248.83512702475127	2561.1033979373296	
743	0.0	-0.015871428571428647	1452.0269526152344	248.3339596290316	2554.70480024688	
744	0.0	0.0012208791208793855	1453.973575069336	247.95328715736105	2554.781425144307	
745	0.0	-0.018313186813186746	1455.917129560547	247.56899948119826	2553.076972654215	
746	0.0	-0.008546153846153681	1457.8545481259766	247.0291209280549	2542.6785467590853	
747	0.0	-0.01098791208791178	1459.7904327099611	246.6249689518736	2540.9310630853033	
748	0.0	-0.0061043956043955825	1461.7201813681643	246.07304209141876	2530.8154024032356	
749	0.0	-0.008546153846153681	1463.648396044922	245.66158244728285	2529.4267605707028	
750	0.0	-0.008546153846153681	1465.5720087773439	245.18192233429	2523.4773271551294	
751	0.0	-0.018313186813186746	1467.4940875283205	244.8142946894077	2523.491972700651	
752	0.0	0.008546153846153681	1469.411564334961	244.361220028557	2517.712143525736	
753	0.0	-0.0061043956043955825	1471.3259731787111	243.93301820362103	2513.5813352005025	
754	0.0	-0.008546153846153681	1473.2357800781251	243.44320344443258	2506.2290135984495	
755	0.0	-0.01342967032967055	1475.1425190146485	242.99271762276476	2501.7157028152214	
756	0.0	-0.0061043956043955825	1477.0461899882814	242.56608600821346	2498.312823545548	
757	0.0	-0.018313186813186746	1478.9452590175783	242.07722362977802	2491.377598443716	
758	0.0	-0.01342967032967055	1480.8412600839845	241.62731545626593	2487.102461157645	
759	0.0	-0.0012208791208793855	1482.732659206055	241.12433513079304	2480.00010610306	
760	0.0	-0.01342967032967055	1484.6225243466797	240.74256306160532	2479.6780693537385	
761	0.0	-0.015871428571428647	1486.5093215244142	240.35760844580363	2477.748913707277	
762	0.0	-0.01342967032967055	1488.3915167578127	239.894024445588	2471.0595221432704	
763	0.0	-0.025638461538461714	1490.269110046875	239.3827493116696	2462.7054897567014	
764	0.0	0.0012208791208793855	1492.143635373047	238.91924711443426	2457.91829256082	
765	0.0	-0.01342967032967055	1494.013558754883	238.4080215965805	2450.716727479341	
766	0.0	-0.0061043956043955825	1495.8804141738283	237.94454949299688	2446.6277655889535	
767	0.0	-0.01342967032967055	1497.744201629883	237.5100413001055	2443.6841873330413	
768	0.0	0.01342967032967055	1499.604921123047	237.0931006075407	2440.984966910417	
769	0.0	-0.0061043956043955825	1501.461038671875	236.61011607054388	2434.325850803709	
770	0.0	-0.023196703296702943	1503.315622239258	236.2404720604536	2433.961742646514	
771	0.0	0.003662637362637484	1505.1656038623048	235.78617441230745	2427.9835396841427	
772	0.0	0.0061043956043955825	1507.0109835410158	235.28053173577064	2419.9164738756444	
773	0.0	0.0012208791208793855	1508.853295256836	234.82044579673675	2415.215753066732	
774	0.0	-0.003662637362637484	1510.6925390097658	234.38799141652999	2411.848473650016	
775	0.0	-0.018313186813186746	1512.5271808183595	233.89559735204966	2405.0253776497448	
776	0.0	-0.0061043956043955825	1514.3587546640626	233.4435471026809	2400.8731633936077	
777	0.0	-0.0720318681318676	1516.1872605468752	233.0159666147374	2397.713625132923	
778	0.0	-0.003662637362637484	1518.012698466797	232.60322778768023	2394.7757012189268	
779	0.0	-0.0012208791208793855	1519.8335344423829	232.12279181103804	2387.9064703858803	
780	0.0	-0.0061043956043955825	1521.6528364365236	231.75469358099508	2387.3752942859646	
781	0.0	-0.018313186813186746	1523.466002504883	231.22463442356093	2377.4367709355665	
782	0.0	-0.01342967032967055	1525.2745666289063	230.67304006761697	2368.1456457534714	
783	0.0	-0.020754945054944844	1527.0800627900392	230.18508302536793	2363.4169863529496	
784	0.0	-0.0061043956043955825	1528.8840249697266	229.81242303834006	2364.3010756268504	
785	0.0	-0.01342967032967055	1530.6849191865235	229.4329951799009	2362.9617909664594	
786	0.0	-0.01342967032967055	1532.479677477539	228.89606425528473	2352.7092864927745	
787	0.0	-0.05493956043956024	1534.274435768555	228.5703991785267	2354.839430326274	
788	0.0	-0.003662637362637484	1536.0645921152345	228.14277610248246	2349.690250464784	
789	0.0	-0.01342967032967055	1537.848612536133	227.57661329997063	2337.8763028534613	
790	0.0	-0.008546153846153681	1539.6295649941408	227.07982004797668	2331.843995326766	
791	0.0	-0.023196703296702943	1541.407449489258	226.6251015564485	2328.2398203863613	
792	0.0	-0.0061043956043955825	1543.1822660214846	226.19590269774199	2325.454172598578	
793	0.0	-0.018313186813186746	1544.952480609375	225.70548320692615	2318.933234748951	
794	0.0	-0.023196703296702943	1546.7211612158205	225.33132966932317	2318.7685401504496	
795	0.0	0.03784725274725288	1548.486773859375	224.95099592665792	2316.8163587367417	
796	0.0	-0.008546153846153681	1550.2477845585938	224.4902146277018	2310.041152555961	
797	0.0	-0.0012208791208793855	1552.005727294922	224.05733849036915	2305.426446098634	
798	0.0	-0.0061043956043955825	1553.7606020683595	223.64138768956764	2301.6882587411437	
799	0.0	-0.01098791208791178	1555.5124088789064	223.23570262458816	2298.2185393567033	
800	0.0	-0.018313186813186746	1557.258079763672	222.68284589871473	2287.082127490845	
801	0.0	-0.01342967032967055	1559.000682685547	222.1941231904202	2281.253873380316	
802	0.0	-0.018313186813186746	1560.7417516259768	221.8209988034505	2281.482929878328	
803	0.0	0.0012208791208793855	1562.4797526035159	221.44128927215934	2279.753568579823	
804	0.0	0.0012208791208793855	1564.213151636719	220.98088657658082	2273.1038039317627	
805	0.0	-0.015871428571428647	1565.9434827070313	220.54824007379648	2268.5592948031426	
