0	0.0	-0.018313186813186746	0.0	0.0	0.0	
1	0.0	-0.01342967032967055	0.0	0.0	0.0	
2	0.0	-0.018313186813186746	0.0	0.0	0.0	
3	0.0	-0.023196703296702943	0.0	0.0	0.0	
4	0.0	-0.023196703296702943	0.0	0.0	0.0	
5	0.0	-0.01098791208791178	0.0	0.0	0.0	
6	0.0	-0.01342967032967055	0.0	0.0	0.0	
7	0.0	-0.015871428571428647	0.0	0.0	0.0	
8	0.0	-0.015871428571428647	0.0	0.0	0.0	
9	0.0	-0.0061043956043955825	0.0	0.0	0.0	
10	0.0	-0.020754945054944844	0.0	0.0	0.0	
11	0.0	-0.023196703296702943	0.0	0.0	0.0	
12	0.0	-0.023196703296702943	0.0	0.0	0.0	
13	0.0	0.0012208791208793855	0.0	0.0	0.0	
14	0.0	-0.023196703296702943	0.0	0.0	0.0	
15	0.0	-0.020754945054944844	0.0	0.0	0.0	
16	0.0	-0.018313186813186746	0.0	0.0	0.0	
17	0.0	-0.015871428571428647	0.0	0.0	0.0	
18	0.0	-0.01342967032967055	0.0	0.0	0.0	
19	0.0	-0.025638461538461714	0.0	0.0	0.0	
20	0.0	-0.020754945054944844	0.0	0.0	0.0	
21	0.0	-0.023196703296702943	0.0	0.0	0.0	
22	0.0	-0.0061043956043955825	0.0	0.0	0.0	
23	0.0	-0.018313186813186746	0.0	0.0	0.0	
24	0.0	-0.020754945054944844	0.0	0.0	0.0	
25	0.0	-0.018313186813186746	0.0	0.0	0.0	
26	0.0	-0.015871428571428647	0.0	0.0	0.0	
27	0.0	-0.020754945054944844	0.0	0.0	0.0	
28	0.0	-0.03052197802197791	0.0	0.0	0.0	
29	0.0	-0.025638461538461714	0.0	0.0	0.0	
30	0.0	-0.015871428571428647	0.0	0.0	0.0	
31	0.0	-0.015871428571428647	0.0	0.0	0.0	
32	0.0	-0.025638461538461714	0.0	0.0	0.0	
33	0.0	-0.025638461538461714	0.0	0.0	0.0	
34	0.0	-0.023196703296702943	0.0	0.0	0.0	
35	0.0	-0.020754945054944844	0.0	0.0	0.0	
36	0.0	-0.01098791208791178	0.0	0.0	0.0	
37	0.0	-0.01098791208791178	0.0	0.0	0.0	
38	0.0	-0.028080219780219812	0.0	0.0	0.0	
39	0.0	-0.025638461538461714	0.0	0.0	0.0	
40	0.0	0.008546153846153681	0.0	0.0	0.0	
41	0.0	-0.03052197802197791	0.0	0.0	0.0	
42	0.0	-0.015871428571428647	0.0	0.0	0.0	
43	0.0	-0.0012208791208793855	0.0	0.0	0.0	
44	0.0	-0.020754945054944844	0.0	0.0	0.0	
45	0.0	-0.020754945054944844	0.0	0.0	0.0	
46	0.0	-0.025638461538461714	0.0	0.0	0.0	
47	0.0	-0.01342967032967055	0.0	0.0	0.0	
48	0.0	-0.025638461538461714	0.0	0.0	0.0	
49	0.0	-0.03296373626373601	0.0	0.0	0.0	
50	0.0	-0.018313186813186746	0.0	0.0	0.0	
51	0.0	-0.025638461538461714	0.0	0.0	0.0	
52	0.0	-0.01098791208791178	0.0	0.0	0.0	
53	0.0	-0.020754945054944844	0.0	0.0	0.0	
54	0.0	-0.020754945054944844	0.0	0.0	0.0	
55	0.0	-0.023196703296702943	0.0	0.0	0.0	
56	0.0	-0.020754945054944844	0.0	0.0	0.0	
57	0.0	-0.015871428571428647	0.0	0.0	0.0	
58	0.0	-0.04028901098901098	0.0	0.0	0.0	
59	0.0	-0.025638461538461714	0.0	0.0	0.0	
60	0.0	-0.020754945054944844	0.0	0.0	0.0	
61	0.0	-0.025638461538461714	0.0	0.0	0.0	
62	0.0	-0.025638461538461714	0.0	0.0	0.0	
63	0.0	-0.018313186813186746	0.0	0.0	0.0	
64	0.0	-0.015871428571428647	0.0	0.0	0.0	
65	0.0	-0.04028901098901098	0.0	0.0	0.0	
66	0.0	-0.028080219780219812	0.0	0.0	0.0	
67	0.0	0.106216483516483	0.0	0.0	0.0	
68	0.0	-0.023196703296702943	0.0	0.0	0.0	
69	0.0	0.0061043956043955825	0.0	0.0	0.0	
70	0.0	-0.03296373626373601	0.0	0.0	0.0	
71	0.0	-0.015871428571428647	0.0	0.0	0.0	
72	0.0	-0.018313186813186746	0.0	0.0	0.0	
73	0.0	-0.025638461538461714	0.0	0.0	0.0	
74	0.0	-0.023196703296702943	0.0	0.0	0.0	
75	0.0	-0.03052197802197791	0.0	0.0	0.0	
76	0.0	-0.020754945054944844	0.0	0.0	0.0	
77	0.0	-0.03052197802197791	0.0	0.0	0.0	
78	0.0	-0.025638461538461714	0.0	0.0	0.0	
79	0.0	-0.020754945054944844	0.0	0.0	0.0	
80	0.0	-0.03296373626373601	0.0	0.0	0.0	
81	0.0	-0.020754945054944844	0.0	0.0	0.0	
82	0.0	-0.01342967032967055	0.0	0.0	0.0	
83	0.0	-0.01098791208791178	0.0	0.0	0.0	
84	0.0	-0.020754945054944844	0.0	0.0	0.0	
85	0.0	-0.01098791208791178	0.0	0.0	0.0	
86	0.0	-0.0012208791208793855	0.0	0.0	0.0	
87	0.0	-0.018313186813186746	0.0	0.0	0.0	
88	0.0	-0.003662637362637484	0.0	0.0	0.0	
89	0.0	-0.01098791208791178	0.0	0.0	0.0	
90	0.0	0.0012208791208793855	0.0	0.0	0.0	
91	0.0	-0.015871428571428647	0.0	0.0	0.0	
92	0.0	-0.015871428571428647	0.0	0.0	0.0	
93	0.0	0.003662637362637484	0.0	0.0	0.0	
94	0.0	-0.01342967032967055	0.0	0.0	0.0	
95	0.0	-0.008546153846153681	0.0	0.0	0.0	
96	0.0	-0.018313186813186746	0.0	0.0	0.0	
97	0.0	0.003662637362637484	0.0	0.0	0.0	
98	0.0	-0.015871428571428647	0.0	0.0	0.0	
99	0.0	-0.0012208791208793855	0.0	0.0	0.0	
100	0.0	0.0012208791208793855	0.0	0.0	0.0	
101	0.0	-0.008546153846153681	0.0	0.0	0.0	
102	0.0	-0.003662637362637484	0.0	0.0	0.0	
103	0.0	-0.01098791208791178	0.0	0.0	0.0	
104	0.0	-0.003662637362637484	0.0	0.0	0.0	
105	0.0	-0.0061043956043955825	0.0	0.0	0.0	
106	0.0	-0.0061043956043955825	0.0	0.0	0.0	
107	0.0	0.008546153846153681	0.0	0.0	0.0	
108	0.0	-0.015871428571428647	0.0	0.0	0.0	
109	0.0	-0.003662637362637484	0.0	0.0	0.0	
110	0.0	-0.0012208791208793855	0.0	0.0	0.0	
111	0.0	-0.0012208791208793855	0.0	0.0	0.0	
112	0.0	-0.01342967032967055	0.0	0.0	0.0	
113	0.0	-0.0012208791208793855	0.0	0.0	0.0	
114	0.0	-0.003662637362637484	0.0	0.0	0.0	
115	0.0	0.008546153846153681	0.0	0.0	0.0	
116	0.0	-0.008546153846153681	0.0	0.0	0.0	
117	0.0	-0.020754945054944844	0.0	0.0	0.0	
118	0.0	-0.025638461538461714	0.0	0.0	0.0	
119	0.0	-0.023196703296702943	0.0	0.0	0.0	
120	0.0	-0.015871428571428647	0.0	0.0	0.0	
121	0.0	0.01098791208791178	0.0	0.0	0.0	
122	0.0	-0.03784725274725288	0.0	0.0	0.0	
123	0.0	-0.018313186813186746	0.0	0.0	0.0	
124	0.0	-0.01098791208791178	0.0	0.0	0.0	
125	0.0	-0.03052197802197791	0.0	0.0	0.0	
126	0.0	-0.003662637362637484	0.0	0.0	0.0	
127	0.0	-0.01098791208791178	0.0	0.0	0.0	
128	0.0	-0.01342967032967055	0.0	0.0	0.0	
129	0.0	-0.03052197802197791	0.0	0.0	0.0	
130	0.0	-0.025638461538461714	0.0	0.0	0.0	
131	0.0	-0.028080219780219812	0.0	0.0	0.0	
132	0.0	-0.003662637362637484	0.0	0.0	0.0	
133	0.0	-0.008546153846153681	0.0	0.0	0.0	
134	0.0	-0.01342967032967055	0.0	0.0	0.0	
135	0.0	-0.01342967032967055	0.0	0.0	0.0	
136	0.0	-0.01342967032967055	0.0	0.0	0.0	
137	0.0	-0.015871428571428647	0.0	0.0	0.0	
138	0.0	-0.015871428571428647	0.0	0.0	0.0	
139	0.0	-0.023196703296702943	0.0	0.0	0.0	
140	0.0	-0.01342967032967055	0.0	0.0	0.0	
141	0.0	-0.01342967032967055	0.0	0.0	0.0	
142	0.0	-0.01098791208791178	0.0	0.0	0.0	
143	0.0	-0.04273076923076908	0.0	0.0	0.0	
144	0.0	-0.0061043956043955825	0.0	0.0	0.0	
145	0.0	-0.0012208791208793855	0.0	0.0	0.0	
146	0.0	-0.025638461538461714	0.0	0.0	0.0	
147	0.0	-0.003662637362637484	0.0	0.0	0.0	
148	0.0	-0.003662637362637484	0.0	0.0	0.0	
149	0.0	0.0012208791208793855	0.0	0.0	0.0	
150	0.0	-0.0061043956043955825	0.0	0.0	0.0	
151	0.0	0.0012208791208793855	0.0	0.0	0.0	
152	0.0	-0.003662637362637484	0.0	0.0	0.0	
153	0.0	-0.01342967032967055	0.0	0.0	0.0	
154	0.0	0.0061043956043955825	0.0	0.0	0.0	
155	0.0	0.0012208791208793855	0.0	0.0	0.0	
156	0.0	-0.01098791208791178	0.0	0.0	0.0	
157	0.0	-0.008546153846153681	0.0	0.0	0.0	
158	0.0	-0.0012208791208793855	0.0	0.0	0.0	
159	0.0	0.015871428571428647	0.0	0.0	0.0	
160	0.0	-0.01098791208791178	0.0	0.0	0.0	
161	0.0	-0.008546153846153681	0.0	0.0	0.0	
162	0.0	-0.0012208791208793855	0.0	0.0	0.0	
163	0.0	-0.008546153846153681	0.0	0.0	0.0	
164	0.0	-0.01098791208791178	0.0	0.0	0.0	
165	0.0	-0.018313186813186746	0.0	0.0	0.0	
166	0.0	0.0061043956043955825	0.0	0.0	0.0	
167	0.0	0.0061043956043955825	0.0	0.0	0.0	
168	0.0	-0.008546153846153681	0.0	0.0	0.0	
169	0.0	-0.01098791208791178	0.0	0.0	0.0	
170	0.0	-0.018313186813186746	0.0	0.0	0.0	
171	0.0	-0.015871428571428647	0.0	0.0	0.0	
172	0.0	-0.0061043956043955825	0.0	0.0	0.0	
173	0.0	0.0012208791208793855	0.0	0.0	0.0	
174	0.0	0.0061043956043955825	0.0	0.0	0.0	
175	0.0	-0.03052197802197791	0.0	0.0	0.0	
176	0.0	-0.01098791208791178	0.0	0.0	0.0	
177	0.0	-0.015871428571428647	0.0	0.0	0.0	
178	0.0	-0.023196703296702943	0.0	0.0	0.0	
179	0.0	-0.01342967032967055	0.0	0.0	0.0	
180	0.0	-0.01098791208791178	0.0	0.0	0.0	
181	0.0	-0.025638461538461714	0.0	0.0	0.0	
182	0.0	-0.025638461538461714	0.0	0.0	0.0	
183	0.0	-0.0012208791208793855	0.0	0.0	0.0	
184	0.0	-0.020754945054944844	0.0	0.0	0.0	
185	0.0	-0.01098791208791178	0.0	0.0	0.0	
186	0.0	-0.015871428571428647	0.0	0.0	0.0	
187	0.0	-0.008546153846153681	0.0	0.0	0.0	
188	0.0	-0.028080219780219812	0.0	0.0	0.0	
189	0.0	-0.01342967032967055	0.0	0.0	0.0	
190	0.0	-0.008546153846153681	0.0	0.0	0.0	
191	0.0	-0.01098791208791178	0.0	0.0	0.0	
192	0.0	-0.01098791208791178	0.0	0.0	0.0	
193	0.0	-0.008546153846153681	0.0	0.0	0.0	
194	0.0	-0.01098791208791178	0.0	0.0	0.0	
195	0.0	-0.008546153846153681	0.0	0.0	0.0	
196	0.0	-0.01098791208791178	0.0	0.0	0.0	
197	0.0	-0.003662637362637484	0.0	0.0	0.0	
198	0.0	-0.008546153846153681	0.0	0.0	0.0	
199	0.0	-0.003662637362637484	0.0	0.0	0.0	
200	50.0	-0.008546153846153681	0.0	0.0	0.0	
201	50.0	-0.01098791208791178	0.0383495361328125	1.9174768066406251	95.87384033203125	
202	50.0	-0.01098791208791178	0.181009810546875	8.296022224794603	384.98675234977554	
203	50.0	0.0012208791208793855	0.42644684179687503	17.303643532110154	718.1061150200735	
204	50.0	0.0061043956043955825	0.7715926669921875	27.752481871676522	1029.3680008043616	
205	50.0	0.7410736263736256	1.2210492304687501	39.30555976913322	1316.4684003324533	
206	50.0	1.3710472527472526	1.7717485693359376	51.37499468777071	1564.0746701685302	
207	50.0	1.7983549450549448	2.4175547578125003	63.45081969055288	1764.358020449013	
208	50.0	2.1279923076923075	3.084836686523438	71.84896500664213	1751.7614371029608	
209	50.0	2.374609890109891	3.716837041992188	75.17861910175944	1525.3366654976676	
210	50.0	2.599251648351648	4.299749991210938	74.743786139017	1213.5126358818984	
211	50.0	2.413678021978022	4.855051274414063	73.09946330731805	962.113738388296	
212	50.0	1.6860340659340656	5.390410798828126	71.10504312889617	785.3453553761374	
213	50.0	0.9437395604395605	5.918100416015625	69.51187074816255	689.9658722306458	
214	50.0	0.4285285714285708	6.441188088867188	68.31546561000778	645.3822608882497	
215	50.0	0.1965615384615387	6.9688777060546885	67.81990640937431	648.4483928154204	
216	50.0	0.08424065934065876	7.4950333417968755	67.44263548006103	654.1784661695256	
217	50.0	0.06714835164835141	8.022722958984376	67.29050816046743	667.3549747174889	
218	50.0	0.11354175824175797	8.551946557617189	67.27493734671418	681.5472739476986	
219	50.0	0.12330879120879103	9.082704137695313	67.34219224278542	694.2323990300815	
220	50.0	0.1452846153846146	9.61499569921875	67.45968347264159	704.7155408736216	
221	50.0	0.15016813186813147	10.14728726074219	67.53094550773147	709.2470467516519	
222	50.0	0.1623769230769233	10.678044840820313	67.49746904579479	707.0525552144622	
223	50.0	0.16726043956044018	11.207268439453125	67.40046547243469	702.4070921525322	
224	50.0	0.18435274725274753	11.739560000976564	67.49502797402397	708.7676674028194	
225	50.0	0.18435274725274753	12.27031758105469	67.47568395978851	707.3202695248806	
226	50.0	0.15505164835164767	12.802609142578126	67.54065029401977	710.5781070790581	
227	50.0	0.16481868131868208	13.333366722656251	67.50335529638414	707.708986882636	
228	50.0	0.16970219780219825	13.864124302734377	67.4807347362505	706.548667896951	
229	50.0	0.1574934065934071	14.394881882812502	67.46701467261698	706.1966201708124	
230	50.0	0.17702747252747322	14.928707425781251	67.61209117767567	713.8663294298362	
231	50.0	0.17214395604395635	15.459465005859377	67.5466863838551	708.5925784894371	
232	50.0	0.1623769230769233	15.991756567382813	67.58371544229954	710.2458028731653	
233	50.0	0.16970219780219825	16.520980166015626	67.45277655762493	703.0028715436752	
234	50.0	0.1574934065934071	17.054805708984375	67.6034553241617	712.1506077420249	
235	50.0	0.16970219780219825	17.585563289062502	67.54144847378404	707.6862173425588	
236	50.0	0.1623769230769233	18.11785485058594	67.58053848916154	709.7775099645555	
237	50.0	0.16481868131868208	18.64707844921875	67.4508496380904	702.7682351650278	
238	50.0	0.1574934065934071	19.177836029296877	67.44888844382228	704.3683475355383	
239	50.0	0.16726043956044018	19.708593609375	67.44769891933674	705.3693588841538	
240	50.0	0.1623769230769233	20.24088517089844	67.5236765085117	709.8299522010807	
241	50.0	0.1574934065934071	20.771642750976564	67.49306017478273	707.5191290698399	
242	50.0	0.1623769230769233	21.3039343125	67.55118950144981	710.4285431484386	
243	50.0	0.16481868131868208	21.833157911132815	67.43304857672797	703.6194467031855	
244	50.0	0.16481868131868208	22.366983454101565	67.5914896985687	712.8313248448594	
245	50.0	0.1599351648351652	22.899275015625	67.61089002706785	712.1200972277375	
246	50.0	0.16970219780219825	23.43156657714844	67.62265692143069	711.3870650895442	
247	50.0	0.17214395604395635	23.95925619433594	67.39969668702815	699.2546373253526	
248	50.0	0.17702747252747322	24.491547755859376	67.4945616820919	706.8675604935129	
249	50.0	0.16726043956044018	25.022305335937503	67.47540113942819	706.1750466509748	
250	50.0	0.16970219780219825	25.55459689746094	67.54047875479523	709.887891776772	
251	50.0	0.16726043956044018	26.083820496093754	67.426552180317	703.4580637351105	
252	50.0	0.17214395604395635	26.61611205761719	67.51085036259519	708.9994983253669	
253	50.0	0.1623769230769233	27.146869637695314	67.48528072382737	707.214863797813	
254	50.0	0.1404010989010984	27.680695180664063	67.62317009806725	714.1999112436688	
255	50.0	0.1574934065934071	28.21145276074219	67.5534060889322	708.6226427788606	
256	50.0	0.1623769230769233	28.743744322265627	67.58779114956383	710.1595548028117	
257	50.0	0.19900329670329678	29.27296792089844	67.45524859910756	702.8871873082012	
258	50.0	0.1574934065934071	29.805259482421878	67.52825562088833	708.2070509472851	
259	50.0	0.16481868131868208	30.337551043945314	67.57253661917457	710.2985438352725	
260	50.0	0.17702747252747322	30.86984260546875	67.59939440300718	710.8785844575245	
261	50.0	0.17946923076923132	31.399066204101565	67.46228632826433	703.1428848159712	
262	50.0	0.18435274725274753	31.92982378417969	67.45582514724697	704.417757856656	
263	50.0	0.17946923076923132	32.462115345703126	67.52860531502029	709.1264243366504	
264	50.0	0.16970219780219825	32.99440690722656	67.5727487193933	710.8507346937422	
265	50.0	0.17458571428571446	33.52516448730469	67.52282397603108	707.3752536467096	
266	50.0	0.17214395604395635	34.05745604882813	67.5692421599465	709.8784885197042	
267	50.0	0.15505164835164767	34.58667964746094	67.44399806789193	703.0051255044782	
268	50.0	0.15016813186813147	35.12050519042969	67.59813090084776	712.2884693412129	
269	50.0	0.16726043956044018	35.652796751953126	67.61491811997666	711.6875763479056	
270	50.0	0.17214395604395635	36.18355433203125	67.54840101107993	707.227142502993	
271	50.0	0.17702747252747322	36.71277793066407	67.43135727177832	701.7210565320997	
272	50.0	0.17702747252747322	37.245069492187504	67.5137647979675	707.871237027663	
273	50.0	0.16481868131868208	37.77582707226563	67.48704841828408	706.4852228960872	
274	50.0	0.17458571428571446	38.308118633789064	67.54754318671507	709.8949226096188	
275	50.0	0.17702747252747322	38.837342232421875	67.4308369749865	703.3524850968201	
276	50.0	0.16726043956044018	39.36963379394532	67.51344922200315	708.8688384605953	
277	50.0	0.17946923076923132	39.901925355468755	67.56355608404738	710.9301591914327	
278	50.0	0.14772637362637336	40.43421691699219	67.59394743296343	711.4013146018133	
279	50.0	0.16481868131868208	40.964974497070315	67.53568164610715	707.3795838481788	
280	50.0	0.18191098901098943	41.494198095703126	67.4236425867407	702.0112870532862	
281	50.0	0.1428428571428565	42.02495567578126	67.43238653257004	704.3322708030255	
282	50.0	0.16481868131868208	42.55724723730469	67.51438907621196	709.4390148709681	
283	50.0	0.15260989010988957	43.08953879882813	67.56412613445536	711.2613751212066	
284	50.0	0.1892362637362644	43.620296378906254	67.51759411375679	707.7583900416366	
285	50.0	0.15505164835164767	44.149519977539065	67.4126719435144	702.5222830674143	
286	50.0	0.17702747252747322	44.6818115390625	67.50243157318118	708.6477389138831	
287	50.0	0.15016813186813147	45.214103100585945	67.55687354205793	710.9673661515508	
288	50.0	0.17214395604395635	45.74486068066407	67.51319519398703	707.6928332959851	
289	50.0	0.13307582417582342	46.277152242187505	67.56340200826298	710.2208258007258	
290	50.0	0.16726043956044018	46.80790982226563	67.51715490900824	707.1385242125893	
291	50.0	0.1574934065934071	47.340201383789065	67.56580369689209	709.8230517363854	
292	50.0	0.15505164835164767	47.87095896386719	67.51861160683711	706.8599187951195	
293	50.0	0.1623769230769233	48.40325052539063	67.56668722881204	709.6314191803531	
294	50.0	0.15260989010988957	48.93247412402344	67.44244842378384	702.8949963450618	
295	50.0	0.1599351648351652	49.46323170410157	67.44379284962815	704.5758604230105	
296	50.0	0.1892362637362644	49.99398928417969	67.44460828514457	705.5744519134623	
297	50.0	0.1599351648351652	50.52781482714844	67.59850101633174	713.8373565126626	
298	50.0	0.17214395604395635	51.05703842578126	67.46174446184068	704.9513618733295	
299	50.0	0.16970219780219825	51.589329987304694	67.53219556090289	709.3580336254622	
300	50.0	0.17458571428571446	52.118553585937505	67.42152816912449	703.2654817861671	
301	50.0	0.16970219780219825	52.652379128906254	67.5845022179542	712.7957621503765	
302	50.0	0.16726043956044018	53.18467069042969	67.60665190572627	712.2071739204548	
303	50.0	0.16726043956044018	53.71696225195313	67.62008637082727	711.5057772450268	
304	50.0	0.1574934065934071	54.246185850585945	67.47483664149831	703.2015623397315	
305	50.0	0.1599351648351652	54.780011393554695	67.61683544175003	711.9281131748112	
306	50.0	0.1574934065934071	55.31076897363282	67.54956392555323	707.3432235190098	
307	50.0	0.15260989010988957	55.843060535156255	67.58546075961158	709.4432885946007	
308	50.0	0.15505164835164767	56.372284133789066	67.45383514611376	702.4889845209073	
309	50.0	0.17702747252747322	56.9045756953125	67.5273983182883	707.9875061623488	
310	50.0	0.17458571428571446	57.43533327539063	67.49531756658234	706.3437595550463	
311	50.0	0.17946923076923132	57.96762483691407	67.55255867882533	709.6805458713011	
312	50.0	0.16726043956044018	58.499916398437506	67.58727716933845	710.814381644886	
313	50.0	0.18679450549450563	59.03067397851563	67.53163592659985	707.1273052365191	
314	50.0	0.17946923076923132	59.56143155859375	67.49788780601693	705.7561318126382	
315	50.0	0.17702747252747322	60.0952571015625	67.6308166801523	713.1191212337212	
316	50.0	0.18191098901098943	60.62754866308594	67.63474304779993	711.6831693377185	
317	50.0	0.17214395604395635	61.15984022460938	67.63712451022411	710.7511703719338	
318	50.0	0.18679450549450563	61.68906382324219	67.48517079570729	702.4789484292742	
319	50.0	0.16726043956044018	62.22135538476563	67.5464043510242	707.494188923919	
320	50.0	0.16726043956044018	62.752112964843754	67.50684530847002	705.7490275507062	
321	50.0	0.17702747252747322	63.2859385078125	67.63624968017211	712.9755343548777	
322	50.0	0.17458571428571446	63.81516210644532	67.48464018444383	703.8416959297465	
323	50.0	0.17702747252747322	64.34745366796875	67.54608251901436	708.3289874262782	
324	50.0	0.18191098901098943	64.87821124804688	67.50665010748435	706.2603625348752	
325	50.0	0.17214395604395635	65.41203679101564	67.6361312847871	713.2887098390593	
326	50.0	0.17702747252747322	65.94432835253907	67.63796651854318	711.7033945942521	
327	50.0	0.17458571428571446	66.47508593261719	67.56238057184692	706.8783630708754	
328	50.0	0.1916780219780225	67.00584351269532	67.51653537648872	705.1271000878587	
329	50.0	0.16726043956044018	67.53813507421876	67.56542793141443	708.6126942554179	
330	50.0	0.1599351648351652	68.0704266357422	67.595082765813	709.9665961488217	
331	50.0	0.17702747252747322	68.60271819726563	67.6130693325731	710.3266837064593	
332	50.0	0.18191098901098943	69.13194179589844	67.4705805925405	702.595512080517	
333	50.0	0.17214395604395635	69.66269937597657	67.46085587296784	703.9567940969118	
334	50.0	0.17214395604395635	70.19499093750001	67.53165660449395	708.768614201801	
335	50.0	0.17946923076923132	70.72881648046875	67.65129849232562	714.42122176044	
336	50.0	0.17702747252747322	71.25957406054688	67.5704668229223	708.3195131523075	
337	50.0	0.1574934065934071	71.79186562207032	67.59813900808786	709.7104243744539	
338	50.0	0.18679450549450563	72.32262320214845	67.53822396499982	706.2888333202691	
339	50.0	0.15505164835164767	72.85644874511719	67.65528179793364	712.8150443683799	
340	50.0	0.16970219780219825	73.38720632519532	67.57288281996534	707.2833818874096	
341	50.0	0.17702747252747322	73.91796390527344	67.52290531213976	705.2094596411694	
342	50.0	0.17702747252747322	74.44872148535157	67.49259242052767	704.7286497293799	
343	50.0	0.1623769230769233	74.981013046875	67.55090579414536	708.7433048190851	
344	50.0	0.16481868131868208	75.51177062695314	67.50957557181255	706.4366628658058	
345	50.0	0.15505164835164767	76.04406218847657	67.56120659637827	709.515200484369	
346	50.0	0.18679450549450563	76.57328578710938	67.43912425208828	702.9097230997477	
347	50.0	0.17214395604395635	77.10557734863282	67.5184757097868	708.4714329644808	
348	50.0	0.16726043956044018	77.63786891015626	67.56660480307983	710.610964987723	
349	50.0	0.1574934065934071	78.1701604716797	67.59579657457925	711.1603097692155	
350	50.0	0.18191098901098943	78.70091805175782	67.53680320722015	707.2046551916387	
351	50.0	0.16481868131868208	79.23167563183594	67.50102192022723	705.7227022019392	
352	50.0	0.16481868131868208	79.76243321191407	67.47931947203278	705.3802063785461	
353	50.0	0.1623769230769233	80.29472477343751	67.5428553437182	709.3448716123503	
354	50.0	0.1428428571428565	80.82855031640625	67.65809087119987	714.5966132110893	
355	50.0	0.18191098901098943	81.35930789648438	67.57458660907196	708.3202804768603	
356	50.0	0.1574934065934071	81.89006547656251	67.52393871250115	705.8118786606319	
357	50.0	0.16726043956044018	82.42082305664063	67.49321920954435	705.077967265247	
358	50.0	0.16726043956044018	82.95464859960938	67.62798503317845	712.780384450753	
359	50.0	0.1623769230769233	83.4854061796875	67.55632649477957	707.6867900325392	
360	50.0	0.17702747252747322	84.01769774121094	67.5895624652967	709.5465227564632	
361	50.0	0.16970219780219825	84.54845532128907	67.53302202870327	706.3227764423691	
362	50.0	0.16726043956044018	85.08228086425783	67.65212666399384	712.9165154968127	
363	50.0	0.18435274725274753	85.61303844433594	67.57096913444275	707.3939856142074	
364	50.0	0.1574934065934071	86.1468639873047	67.67514274769837	712.9762068301757	
365	50.0	0.16481868131868208	86.67455360449219	67.43153095072466	699.40241178429	
366	50.0	0.16481868131868208	87.20684516601563	67.51387013957537	706.4622073711662	
367	50.0	0.17702747252747322	87.73760274609376	67.48711231120069	705.6289652559199	
368	50.0	0.15505164835164767	88.27142828906251	67.62428101199566	713.2095362427767	
369	50.0	0.1623769230769233	88.80065188769532	67.47738082004071	704.1697230285922	
370	50.0	0.1574934065934071	89.33140946777344	67.46498041954965	704.8058663207898	
371	50.0	0.1623769230769233	89.86216704785157	67.45745919625733	705.3845174135445	
372	50.0	0.17214395604395635	90.39599259082031	67.60629548813813	713.5223398655089	
373	50.0	0.20632857142857175	90.92828415234376	67.6198701926287	712.3090075814175	
374	50.0	0.16726043956044018	91.45904173242188	67.55140459505492	707.5270610918565	
375	50.0	0.17214395604395635	91.98826533105469	67.43317903759817	701.8562643937707	
376	50.0	0.17702747252747322	92.52209087402345	67.59156882708794	711.7598721836112	
377	50.0	0.17458571428571446	93.05284845410156	67.53423894867592	707.6340443580916	
378	50.0	0.15505164835164767	93.585140015625	67.57616569102174	709.8579645201157	
379	50.0	0.15260989010988957	94.1128296328125	67.37149832961222	699.0500712331864	
380	50.0	0.03296373626373601	94.64512119433594	67.47745851330183	707.1819339666254	
381	50.0	0.18679450549450563	95.17587877441407	67.46502754289759	706.631656625168	
382	50.0	0.1599351648351652	95.70817033593751	67.53418685027827	710.3261361457062	
383	50.0	0.17702747252747322	96.23892791601563	67.49943501948019	707.6566572238598	
384	50.0	0.18191098901098943	96.77121947753908	67.55505604031532	710.4128373548565	
385	50.0	0.1965615384615387	97.30044307617189	67.43539375116052	703.5498008287586	
386	50.0	0.16481868131868208	97.83273463769532	67.51621304653781	708.9176643518736	
387	50.0	0.16970219780219825	98.36502619921876	67.56523242841013	710.9167995878993	
388	50.0	0.17946923076923132	98.89578377929688	67.51826511497893	707.5321929273232	
389	50.0	0.16726043956044018	99.4250073779297	67.41307892633904	702.374654351473	
390	50.0	0.1574934065934071	99.95576495800782	67.42597934848163	704.7169158832567	
391	50.0	0.16481868131868208	100.48652253808595	67.43380385025011	705.9369839731949	
392	50.0	0.1623769230769233	101.01881409960939	67.51524872286063	710.3902851231314	
393	50.0	0.17458571428571446	101.5480376982422	67.41124939198835	704.1550760569958	
394	50.0	0.17702747252747322	102.07879527832033	67.42486967977766	705.8252432283316	
395	50.0	0.17946923076923132	102.61108683984376	67.5098298744042	710.461426076698	
396	50.0	0.16481868131868208	103.1433784013672	67.56136083870115	711.9523887498663	
397	50.0	0.16970219780219825	103.67413598144532	67.51591687705331	708.220507885012	
398	50.0	0.16726043956044018	104.20489356152345	67.4883537202677	706.6636042553628	
399	50.0	0.16970219780219825	104.73565114160156	67.471635820144	706.1478669544408	
400	0.0	0.16726043956044018	105.26794270312502	67.53819497314544	709.9299524484431	
401	0.0	0.11842527472527416	105.7956323203125	67.34846792442295	699.6841311491262	
402	0.0	0.1623769230769233	106.31718601171876	66.92659636021108	681.0799293725686	
403	0.0	0.1623769230769233	106.82800183300782	66.13382480924611	649.5108085864422	
404	0.0	0.15505164835164767	107.33728367285157	65.5762854721188	638.854817890809	
405	0.0	0.11598351648351607	107.83889560546876	64.85462539964556	621.8859018478406	
406	0.0	0.07691538461538447	108.33743957519532	64.26351828338557	615.1447353121671	
407	0.0	0.0695901098901095	108.82831363769532	63.52149832313626	601.0722170691342	
408	0.0	0.050056043956044044	109.31151779296876	62.68794509358031	584.8995145233762	
409	0.0	0.01342967032967055	109.78858602246095	61.87557320056294	572.7111668958569	
410	0.0	0.020754945054944844	110.26258628906251	61.22944658244978	570.280016766164	
411	0.0	0.020754945054944844	110.73045062988282	60.53075467880444	563.5120935339555	
412	0.0	0.0012208791208793855	111.19217904492189	59.80018031698182	554.9311086269304	
413	0.0	0.0012208791208793855	111.64470357128907	58.8968701217118	538.0762711982088	
414	0.0	-0.0061043956043955825	112.091092171875	58.04218848911296	526.5588211464537	
415	0.0	-0.01098791208791178	112.53441280957033	57.37039971604281	525.1924543504538	
416	0.0	-0.01098791208791178	112.97006354003908	56.57944385593419	515.6344155770671	
417	0.0	-0.020754945054944844	113.40111232617188	55.86960764647665	510.6306823963914	
418	0.0	-0.0012208791208793855	113.82602518652345	55.13227392131648	503.293012849294	
419	0.0	0.028080219780219812	114.24326813964845	54.30156303709464	491.13233756009913	
420	0.0	-0.03052197802197791	114.65590914843752	53.567614185981256	485.16816624641933	
421	0.0	-0.05738131868131834	115.06241423144532	52.815655403970595	477.62288283766975	
422	0.0	-0.01342967032967055	115.4658513515625	52.206171190929126	477.06854549967966	
423	0.0	-0.015871428571428647	115.86161856445314	51.45300495774245	467.03426975441516	
424	0.0	-0.01098791208791178	116.25278383300783	50.766089316251964	461.1541029490859	
425	0.0	-0.003662637362637484	116.63627919433594	49.965958546413276	449.0935098313953	
426	0.0	-0.020754945054944844	117.01210464843751	49.097159328221096	435.0446517819896	
427	0.0	-0.023196703296702943	117.38639612109375	48.49350687868355	436.1973727404834	
428	0.0	-0.008546153846153681	117.75455166796876	47.82057686122516	430.94275722482075	
429	0.0	-0.020754945054944844	118.1150373076172	47.02892880138461	419.04412124481496	
430	0.0	-0.0061043956043955825	118.47398896582033	46.472070896087644	420.301414121823	
431	0.0	-0.023196703296702943	118.82220275390625	45.59742598839421	402.87776738310504	
432	0.0	0.008546153846153681	119.16274663476564	44.68343165978149	386.7346541609254	
433	0.0	-0.003662637362637484	119.50175653417969	44.05236698935914	387.31987238361785	
434	0.0	-0.0061043956043955825	119.8330965263672	43.28611154676855	378.3123210831036	
435	0.0	-0.01098791208791178	120.16136855566407	42.66795597051441	377.093368548783	
436	0.0	-0.025638461538461714	120.485038640625	42.062928434066635	374.46071934550605	
437	0.0	0.01098791208791178	120.80103881835939	41.31246531195211	363.09658796926556	
438	0.0	-0.01342967032967055	121.11090307031252	40.55049011798201	352.5328393294085	
439	0.0	0.0012208791208793855	121.417699359375	39.934930643821644	350.30345287424075	
440	0.0	-0.025638461538461714	121.71835972265626	39.25477865066841	343.18262475772303	
441	0.0	-0.01098791208791178	122.01135017871094	38.45875024102679	330.26436624922076	
442	0.0	-0.008546153846153681	122.30127267187501	37.82253644693628	327.1363821155851	
443	0.0	-0.01098791208791178	122.58505923925782	37.12985697514887	319.7916757057651	
444	0.0	0.0012208791208793855	122.86577784375001	36.556327482218876	318.43727556173826	
445	0.0	-0.008546153846153681	123.14036052246095	35.90166796200174	311.19364000220185	
446	0.0	0.008546153846153681	123.41187523828125	35.35119873600161	309.3093798778418	
447	0.0	-0.020754945054944844	123.67725402832032	34.71052597507969	301.3858097642933	
448	0.0	0.003662637362637484	123.93342892968751	33.86174385859158	283.53185746127815	
449	0.0	-0.01342967032967055	124.18346790527345	33.040135178488526	270.5605703690874	
450	0.0	0.0012208791208793855	124.42890493652345	32.311707093394034	263.96321027500016	
451	0.0	-0.01098791208791178	124.66820604199219	31.563096825328103	255.94803746118396	
452	0.0	-0.01098791208791178	124.90443918457032	30.95564358871252	255.0566325933753	
453	0.0	-0.003662637362637484	125.1360703828125	30.357107349561375	252.45624314228417	
454	0.0	-0.0061043956043955825	125.36156565527345	29.687280470650876	244.84570037894014	
455	0.0	-0.0061043956043955825	125.58399296484376	29.127611776329104	242.97473318067478	
456	0.0	-0.008546153846153681	125.80028434863283	28.481359255663847	235.20226582625696	
457	0.0	-0.008546153846153681	126.01197378808595	27.859290060522653	229.03158108601747	
458	0.0	0.0061043956043955825	126.21752730175783	27.175189721902825	219.6214526505628	
459	0.0	-0.003662637362637484	126.41694488964845	26.45346559188056	209.21100870375562	
460	0.0	0.015871428571428647	126.61329451464844	25.862319622751784	206.4487526977814	
461	0.0	-0.003662637362637484	126.8035082138672	25.1969751693141	198.62512347557436	
462	0.0	-0.008546153846153681	126.98911996875002	24.56332613127961	192.72026309705961	
463	0.0	-0.008546153846153681	127.16859579785157	23.87220226271438	183.65141732145366	
464	0.0	0.0012208791208793855	127.34500366406252	23.299616290862105	181.22708608362927	
465	0.0	0.0012208791208793855	127.51680958593751	22.722228117383565	177.15478753826824	
466	0.0	-0.047614285714285276	127.68554754492189	22.21862633357432	175.9925680919489	
467	0.0	-0.0061043956043955825	127.85121754101563	21.759778258584447	175.4481150941723	
468	0.0	-0.0012208791208793855	128.01228559277345	21.25137560859912	170.74753875570764	
469	0.0	0.03052197802197791	128.16721771875	20.636217516470424	160.46170397941478	
470	0.0	-0.018313186813186746	128.31601391894532	19.956308973830346	148.44815182792388	
471	0.0	-0.01342967032967055	128.46327613769532	19.46722451345886	147.8983352053383	
472	0.0	-0.018313186813186746	128.60440243066407	18.863783495935422	139.82968991198504	
473	0.0	-0.008546153846153681	128.7424607607422	18.344379863011454	136.64865261227317	
474	0.0	-0.018313186813186746	128.8759171464844	17.799248409524807	131.29046997390458	
475	0.0	-0.0061043956043955825	129.001703625	17.085114099108978	117.34191000923101	
476	0.0	-0.0012208791208793855	129.1213541777344	16.34517344386404	104.64575870229771	
477	0.0	0.0012208791208793855	129.2333348232422	15.51288137658139	89.27553434075332	
478	0.0	-0.015871428571428647	129.34071352441407	14.777973489432952	81.38925847084704	
479	0.0	-0.0012208791208793855	129.4450242626953	14.17883116718076	80.36297871979536	
480	0.0	-0.003662637362637484	129.54473305664064	13.585335752539322	77.55155922225129	
481	0.0	-0.0061043956043955825	129.64137388769532	13.071964432857385	77.40454899115184	
482	0.0	-0.023196703296702943	129.7364807373047	12.683889906935292	81.46270916551111	
483	0.0	-0.01342967032967055	129.82545166113283	12.141714513252737	74.61836538971568	
484	0.0	-0.01342967032967055	129.91288860351563	11.73616943284469	75.06225453668048	
485	0.0	-0.015871428571428647	129.99725758300784	11.33679575648057	73.96729694347925	
486	0.0	-0.023196703296702943	130.07549063671877	10.787767081443235	64.1731167785789	
487	0.0	-0.018313186813186746	130.15065572753906	10.301366203395446	59.099445980238215	
488	0.0	-0.020754945054944844	130.22121887402344	9.776251933146341	52.0801716297247	
489	0.0	-0.015871428571428647	130.2887140576172	9.304355875206966	48.317727337336805	
490	0.0	-0.015871428571428647	130.35160729687502	8.788039223300075	41.86822032929041	
491	0.0	-0.015871428571428647	130.4114325732422	8.321479190763966	38.314565479739315	
492	0.0	-0.0012208791208793855	130.46818988671876	7.885098074219968	35.74368078595563	
493	0.0	-0.0061043956043955825	130.52034525585938	7.390322323734836	29.464678441463604	
494	0.0	-0.018313186813186746	130.5709666435547	7.013526580970392	29.51445951986335	
495	0.0	-0.015871428571428647	130.61852006835937	6.631590259798941	27.733447158332524	
496	0.0	-0.015871428571428647	130.66147154882813	6.169836947865406	21.086978345998375	
497	0.0	-0.01098791208791178	130.70135506640625	5.736371254814003	16.565468632497186	
498	0.0	-0.01098791208791178	130.73817062109376	5.320062870381662	12.892974811332834	
499	0.0	0.1355175824175822	130.77191821289063	4.914160919938695	9.46866054773227	
500	0.0	-0.003662637362637484	130.80106386035158	4.437871718672795	2.1981141919106904	
501	0.0	-0.020754945054944844	130.8286755263672	4.0722886351049965	1.3590507613487546	
502	0.0	-0.018313186813186746	130.8516852480469	3.620454063438956	-4.970369458538357	
503	0.0	-0.01098791208791178	130.87009302539064	3.1163053183636293	-13.288757056327427	
504	0.0	-0.003662637362637484	130.88696682128906	2.7338245668488526	-14.330187387275743	
505	0.0	-0.0061043956043955825	130.89923867285157	2.2717410412133177	-20.519611801548194	
506	0.0	0.003662637362637484	130.90844256152346	1.8380750634250944	-24.758775658363504	
507	0.0	-0.020754945054944844	130.9145784873047	1.4216452001483049	-28.256903879984208	
508	0.0	-0.020754945054944844	130.91611246875001	0.9389704967998114	-35.40852482801863	
509	0.0	-0.023196703296702943	130.91611246875001	0.5695144103356142	-36.076169803770924	
510	0.0	0.008546153846153681	130.91611246875001	0.345427960395682	-30.736538296249094	
511	0.0	0.003662637362637484	130.91611246875001	0.20951265439180133	-24.013624804851368	
512	0.0	-0.0061043956043955825	130.91611246875001	0.12707585193857085	-17.82265903481983	
513	0.0	0.0061043956043955825	130.91611246875001	0.07707540240153321	-12.785859518140956	
514	0.0	0.0061043956043955825	130.91611246875001	0.04674859593524161	-8.953441836196276	
515	0.0	0.023196703296702943	130.91611246875001	0.028354457504065067	-6.157419152199359	
516	0.0	-0.008546153846153681	130.91611246875001	0.017197848281284678	-4.175539845772806	
517	0.0	-0.01098791208791178	130.91611246875001	0.010431022546981694	-2.7999979723522896	
518	0.0	-0.003662637362637484	130.91611246875001	0.006326735158836527	-1.8604739784649618	
519	0.0	-0.0012208791208793855	130.91611246875001	0.0038373589577531675	-1.2268073349173436	
520	0.0	0.0012208791208793855	130.91611246875001	0.0023274759241758147	-0.8037624002396351	
521	0.0	-0.0012208791208793855	130.91611246875001	0.0014116855463726097	-0.5236958829474585	
522	0.0	-0.025638461538461714	130.91611246875001	0.0008562305865780218	-0.33958755740070873	
523	0.0	-0.028080219780219812	130.91611246875001	0.0005193301194594824	-0.21928358217289554	
524	0.0	-0.015871428571428647	130.91611246875001	0.0003149896483591874	-0.14107715123746997	
525	0.0	-0.0012208791208793855	130.91611246875001	0.00019105088449578034	-0.09046531380766018	
526	0.0	0.0061043956043955825	130.91611246875001	0.00011587822154979222	-0.05784058954712824	
527	0.0	-0.003662637362637484	130.91611246875001	7.02836987329647e-05	-0.03688385276946943	
528	0.0	-0.01098791208791178	130.91611246875001	4.262921720510349e-05	-0.023464011594862985	
529	0.0	-0.0061043956043955825	130.91611246875001	2.5855925741780084e-05	-0.0148944737621768	
530	0.0	-0.01342967032967055	130.91611246875001	1.5682414414186496e-05	-0.009435982341903494	
531	0.0	0.003662637362637484	130.91611246875001	9.511861208011396e-06	-0.005967054788269629	
532	0.0	-0.003662637362637484	130.91611246875001	5.769235031038988e-06	-0.0037670993114237257	
533	0.0	-0.008546153846153681	130.91611246875001	3.4992172004422173e-06	-0.002374565697892961	
534	0.0	-0.008546153846153681	130.91611246875001	2.1223768271738663e-06	-0.0014946556290694893	
535	0.0	-0.003662637362637484	130.91611246875001	1.2872806109953672e-06	-0.0009395550410263283	
536	0.0	-0.008546153846153681	130.91611246875001	7.807784641045146e-07	-0.0005898844110046751	
537	0.0	-0.018313186813186746	130.91611246875001	4.7356297727674246e-07	-0.0003699232157984319	
538	0.0	-0.003662637362637484	130.91611246875001	2.8722843126161024e-07	-0.00023173314170596535	
539	0.0	-0.0061043956043955825	130.91611246875001	1.7420916265109554e-07	-0.0001450194646095743	
540	0.0	-0.0012208791208793855	130.91611246875001	1.0566327546257526e-07	-9.066749209768221e-05	
541	0.0	-0.015871428571428647	130.91611246875001	6.408936314983293e-08	-5.663549496565856e-05	
542	0.0	-0.023196703296702943	130.91611246875001	3.8872713048476726e-08	-3.5347673090005375e-05	
543	0.0	0.0012208791208793855	130.91611246875001	2.357683115405962e-08	-2.204387880922889e-05	
544	0.0	-0.020754945054944844	130.91611246875001	1.4299075701273978e-08	-1.3736915059726245e-05	
545	0.0	0.0012208791208793855	130.91611246875001	8.67476046551019e-09	-8.554071579218445e-06	
546	0.0	-0.01342967032967055	130.91611246875001	5.262336344458163e-09	-5.323155354872449e-06	
547	0.0	-0.01342967032967055	130.91611246875001	3.193235897924751e-09	-3.3104387163752813e-06	
548	0.0	-0.020754945054944844	130.91611246875001	1.937223714776337e-09	-2.0574843191738596e-06	
549	0.0	-0.003662637362637484	130.91611246875001	1.177795638795942e-09	-1.277946618798354e-06	
550	0.0	0.0061043956043955825	130.91611246875001	7.130438461899757e-10	-7.934966746798755e-07	
551	0.0	-0.028080219780219812	130.91611246875001	4.3382897274568677e-10	-4.92319252787063e-07	
552	0.0	-0.01342967032967055	130.91611246875001	2.6193447411060333e-10	-3.054310079492119e-07	
553	0.0	-0.020754945054944844	130.91611246875001	1.6370904631912708e-10	-1.8913199215672389e-07	
554	0.0	-0.01098791208791178	130.91611246875001	9.549694368615746e-11	-1.1739309364561144e-07	
555	0.0	-0.03296373626373601	130.91611246875001	6.093614501878619e-11	-7.25532160107979e-08	
556	0.0	0.0012208791208793855	130.91611246875001	4.092726157978177e-11	-4.47558928596596e-08	
557	0.0	-0.020754945054944844	130.91611246875001	4.092726157978177e-11	-2.71458219592153e-08	
558	0.0	-0.020754945054944844	130.91611246875001	4.092726157978177e-11	-1.6464773748388578e-08	
559	0.0	-0.023196703296702943	130.91611246875001	4.092726157978177e-11	-9.986390354763168e-09	
560	0.0	0.0012208791208793855	130.91611246875001	4.092726157978177e-11	-6.057052094473346e-09	
561	0.0	0.0012208791208793855	130.91611246875001	4.092726157978177e-11	-3.6737879025192585e-09	
562	0.0	-0.018313186813186746	130.91611246875001	4.092726157978177e-11	-2.2282650606574284e-09	
563	0.0	-0.01098791208791178	130.91611246875001	4.092726157978177e-11	-1.3515111139491333e-09	
564	0.0	-0.015871428571428647	130.91611246875001	4.092726157978177e-11	-8.197329498085438e-10	
565	0.0	-0.01342967032967055	130.91611246875001	4.092726157978177e-11	-4.971931803345182e-10	
566	0.0	-0.020754945054944844	130.91611246875001	4.092726157978177e-11	-3.0156291586045044e-10	
567	0.0	-0.015871428571428647	130.91611246875001	4.092726157978177e-11	-1.8290715926769443e-10	
568	0.0	-0.015871428571428647	130.91611246875001	4.092726157978177e-11	-1.1093880298882365e-10	
569	0.0	-0.025638461538461714	130.91611246875001	4.092726157978177e-11	-6.728778719142606e-11	
570	0.0	-0.03296373626373601	130.91611246875001	4.092726157978177e-11	-4.0812107063881137e-11	
571	0.0	-0.015871428571428647	130.91611246875001	4.092726157978177e-11	-2.4753794893792483e-11	
572	0.0	0.0012208791208793855	130.91611246875001	4.092726157978177e-11	-1.5013935954955808e-11	
573	0.0	-0.018313186813186746	130.91611246875001	4.092726157978177e-11	-9.10641272688414e-12	
574	0.0	0.003662637362637484	130.91611246875001	4.092726157978177e-11	-5.523318668812141e-12	
575	0.0	-0.025638461538461714	130.91611246875001	4.092726157978177e-11	-3.350062206953704e-12	
576	0.0	0.0012208791208793855	130.91611246875001	4.092726157978177e-11	-2.031915495629038e-12	
577	0.0	-0.0061043956043955825	130.91611246875001	4.092726157978177e-11	-1.2324190795055882e-12	
578	0.0	0.01342967032967055	130.91611246875001	4.092726157978177e-11	-7.47499977629781e-13	
579	0.0	-0.020754945054944844	130.91611246875001	4.092726157978177e-11	-4.5338166687615297e-13	
580	0.0	0.0012208791208793855	130.91611246875001	4.092726157978177e-11	-2.749898889792701e-13	
581	0.0	-0.008546153846153681	130.91611246875001	4.092726157978177e-11	-1.6678980330552947e-13	
582	0.0	0.0061043956043955825	130.91611246875001	4.092726157978177e-11	-1.0116313217794068e-13	
583	0.0	-0.018313186813186746	130.91611246875001	4.092726157978177e-11	-6.135854296432e-14	
584	0.0	0.0061043956043955825	130.91611246875001	4.092726157978177e-11	-3.7215838553139595e-14	
585	0.0	0.0012208791208793855	130.91611246875001	4.092726157978177e-11	-2.2572547721909688e-14	
586	0.0	-0.008546153846153681	130.91611246875001	4.092726157978177e-11	-1.3690942633912881e-14	
587	0.0	0.0061043956043955825	130.91611246875001	4.092726157978177e-11	-8.303976692879395e-15	
588	0.0	-0.003662637362637484	130.91611246875001	4.092726157978177e-11	-5.0366165981474075e-15	
589	0.0	0.0012208791208793855	130.91611246875001	4.092726157978177e-11	-3.0548624713609433e-15	
590	0.0	-0.01342967032967055	130.91611246875001	4.092726157978177e-11	-1.852867800204682e-15	
591	0.0	-0.0061043956043955825	130.91611246875001	4.092726157978177e-11	-1.123821159211479e-15	
592	0.0	0.01098791208791178	130.91611246875001	4.092726157978177e-11	-6.816320072166885e-16	
593	0.0	-0.0012208791208793855	130.91611246875001	4.092726157978177e-11	-4.1343072162965643e-16	
594	0.0	-0.008546153846153681	130.91611246875001	4.092726157978177e-11	-2.507584155135631e-16	
595	0.0	-0.008546153846153681	130.91611246875001	4.092726157978177e-11	-1.520926718718044e-16	
596	0.0	-0.01342967032967055	130.91611246875001	4.092726157978177e-11	-9.224887184190509e-17	
597	0.0	0.01098791208791178	130.91611246875001	4.092726157978177e-11	-5.595177007763982e-17	
598	0.0	-0.018313186813186746	130.91611246875001	4.092726157978177e-11	-3.393646519443031e-17	
599	0.0	-0.018313186813186746	130.91611246875001	4.092726157978177e-11	-2.05835069416685e-17	
600	0.0	-0.03540549450549411	130.91611246875001	4.092726157978177e-11	-1.2484528624602602e-17	
601	0.0	-0.0012208791208793855	130.91611246875001	4.092726157978177e-11	-7.572249968917137e-18	
602	0.0	-0.0012208791208793855	130.91611246875001	4.092726157978177e-11	-4.592802064373091e-18	
603	0.0	-0.01098791208791178	130.91611246875001	4.092726157978177e-11	-2.7856754693795175e-18	
604	0.0	-0.028080219780219812	130.91611246875001	4.092726157978177e-11	-1.6895978784298955e-18	
605	0.0	-0.025638461538461714	130.91611246875001	4.092726157978177e-11	-1.0247928201210272e-18	
606	0.0	-0.01098791208791178	130.91611246875001	4.092726157978177e-11	-6.215683276907216e-19	
607	0.0	-0.018313186813186746	130.91611246875001	4.092726157978177e-11	-3.7699997188023066e-19	
608	0.0	-0.028080219780219812	130.91611246875001	4.092726157978177e-11	-2.286616726310962e-19	
609	0.0	-0.008546153846153681	130.91611246875001	4.092726157978177e-11	-1.3868965099400966e-19	
610	0.0	-0.008546153846153681	130.91611246875001	4.092726157978177e-11	-8.411971880327387e-20	
611	0.0	-0.023196703296702943	130.91611246875001	4.092726157978177e-11	-5.10213273628833e-20	
612	0.0	-0.008546153846153681	130.91611246875001	4.092726157978177e-11	-3.094565389622132e-20	
613	0.0	-0.003662637362637484	130.91611246875001	4.092726157978177e-11	-1.8770382460053304e-20	
614	0.0	-0.025638461538461714	130.91611246875001	4.092726157978177e-11	-1.138448677056732e-20	
615	0.0	-0.020754945054944844	130.91611246875001	4.092726157978177e-11	-6.904890163286399e-21	
616	0.0	-0.020754945054944844	130.91611246875001	4.092726157978177e-11	-4.188015441355979e-21	
617	0.0	-0.0012208791208793855	130.91611246875001	4.092726157978177e-11	-2.5406852514566245e-21	
618	0.0	-0.020754945054944844	130.91611246875001	4.092726157978177e-11	-1.539796710267461e-21	
619	0.0	-0.023196703296702943	130.91611246875001	4.092726157978177e-11	-9.343005018786448e-22	
620	0.0	-0.020754945054944844	130.91611246875001	4.092726157978177e-11	-5.66618719598824e-22	
621	0.0	-0.028080219780219812	130.91611246875001	4.092726157978177e-11	-3.441071348220595e-22	
622	0.0	-0.015871428571428647	130.91611246875001	4.092726157978177e-11	-2.0844951436336297e-22	
623	0.0	-0.020754945054944844	130.91611246875001	4.092726157978177e-11	-1.2655863372061323e-22	
624	0.0	-0.025638461538461714	130.91611246875001	4.092726157978177e-11	-7.734138727370809e-23	
625	0.0	-0.01342967032967055	130.91611246875001	4.092726157978177e-11	-4.714929491552258e-23	
626	0.0	-0.025638461538461714	130.91611246875001	4.092726157978177e-11	-2.8537731133079455e-23	
627	0.0	-0.020754945054944844	130.91611246875001	4.092726157978177e-11	-1.6957202557337067e-23	
628	0.0	-0.023196703296702943	130.91611246875001	4.092726157978177e-11	-1.075334796318936e-23	
629	0.0	-0.023196703296702943	130.91611246875001	4.092726157978177e-11	-9.926167350636332e-24	
630	0.0	0.0012208791208793855	130.91611246875001	4.092726157978177e-11	-9.926167350636332e-24	
631	0.0	-0.028080219780219812	130.91611246875001	4.092726157978177e-11	-9.926167350636332e-24	
632	0.0	-0.023196703296702943	130.91611246875001	4.092726157978177e-11	-9.926167350636332e-24	
633	0.0	-0.03784725274725288	130.91611246875001	4.092726157978177e-11	-9.926167350636332e-24	
634	0.0	-0.0061043956043955825	130.91611246875001	4.092726157978177e-11	-9.926167350636332e-24	
635	0.0	-0.025638461538461714	130.91611246875001	4.092726157978177e-11	-9.926167350636332e-24	
636	0.0	-0.025638461538461714	130.91611246875001	4.092726157978177e-11	-9.926167350636332e-24	
637	0.0	-0.015871428571428647	130.91611246875001	4.092726157978177e-11	-9.926167350636332e-24	
638	0.0	-0.025638461538461714	130.91611246875001	4.092726157978177e-11	-9.926167350636332e-24	
639	0.0	-0.03540549450549411	130.91611246875001	4.092726157978177e-11	-9.926167350636332e-24	
640	0.0	-0.020754945054944844	130.91611246875001	4.092726157978177e-11	-9.926167350636332e-24	
641	0.0	-0.025638461538461714	130.91611246875001	4.092726157978177e-11	-9.926167350636332e-24	
642	0.0	-0.01342967032967055	130.91611246875001	4.092726157978177e-11	-9.926167350636332e-24	
643	0.0	-0.025638461538461714	130.91611246875001	4.092726157978177e-11	-9.926167350636332e-24	
644	0.0	-0.008546153846153681	130.91611246875001	4.092726157978177e-11	-9.926167350636332e-24	
645	0.0	-0.01342967032967055	130.91611246875001	4.092726157978177e-11	-9.926167350636332e-24	
646	0.0	-0.025638461538461714	130.91611246875001	4.092726157978177e-11	-9.926167350636332e-24	
647	0.0	0.0012208791208793855	130.91611246875001	4.092726157978177e-11	-9.926167350636332e-24	
648	0.0	-0.015871428571428647	130.91611246875001	4.092726157978177e-11	-9.926167350636332e-24	
649	0.0	-0.020754945054944844	130.91611246875001	4.092726157978177e-11	-9.926167350636332e-24	
650	0.0	-0.0061043956043955825	130.91611246875001	4.092726157978177e-11	-9.926167350636332e-24	
651	0.0	0.003662637362637484	130.91611246875001	4.092726157978177e-11	-9.926167350636332e-24	
652	0.0	-0.020754945054944844	130.91611246875001	4.092726157978177e-11	-9.926167350636332e-24	
653	0.0	-0.023196703296702943	130.91611246875001	4.092726157978177e-11	-9.926167350636332e-24	
654	0.0	-0.020754945054944844	130.91611246875001	4.092726157978177e-11	-9.926167350636332e-24	
655	0.0	-0.0061043956043955825	130.91611246875001	4.092726157978177e-11	-9.926167350636332e-24	
656	0.0	-0.018313186813186746	130.91611246875001	4.092726157978177e-11	-9.926167350636332e-24	
657	0.0	-0.03052197802197791	130.91611246875001	4.092726157978177e-11	-9.926167350636332e-24	
658	0.0	-0.03052197802197791	130.91611246875001	4.092726157978177e-11	-9.926167350636332e-24	
659	0.0	-0.020754945054944844	130.91611246875001	4.092726157978177e-11	-9.926167350636332e-24	
660	0.0	-0.020754945054944844	130.91611246875001	4.092726157978177e-11	-9.926167350636332e-24	
661	0.0	-0.020754945054944844	130.91611246875001	4.092726157978177e-11	-9.926167350636332e-24	
662	0.0	-0.023196703296702943	130.91611246875001	4.092726157978177e-11	-9.926167350636332e-24	
663	0.0	-0.025638461538461714	130.91611246875001	4.092726157978177e-11	-9.926167350636332e-24	
664	0.0	-0.01342967032967055	130.91611246875001	4.092726157978177e-11	-9.926167350636332e-24	
665	0.0	-0.020754945054944844	130.91611246875001	4.092726157978177e-11	-9.926167350636332e-24	
666	0.0	-0.018313186813186746	130.91611246875001	4.092726157978177e-11	-9.926167350636332e-24	
667	0.0	-0.018313186813186746	130.91611246875001	4.092726157978177e-11	-9.926167350636332e-24	
668	0.0	-0.008546153846153681	130.91611246875001	4.092726157978177e-11	-9.926167350636332e-24	
669	0.0	-0.023196703296702943	130.91611246875001	4.092726157978177e-11	-9.926167350636332e-24	
670	0.0	-0.015871428571428647	130.91611246875001	4.092726157978177e-11	-9.926167350636332e-24	
671	0.0	-0.003662637362637484	130.91611246875001	4.092726157978177e-11	-9.926167350636332e-24	
672	0.0	-0.01098791208791178	130.91611246875001	4.092726157978177e-11	-9.926167350636332e-24	
673	0.0	-0.008546153846153681	130.91611246875001	4.092726157978177e-11	-9.926167350636332e-24	
674	0.0	-0.0012208791208793855	130.91611246875001	4.092726157978177e-11	-9.926167350636332e-24	
675	0.0	-0.008546153846153681	130.91611246875001	4.092726157978177e-11	-9.926167350636332e-24	
676	0.0	-0.0061043956043955825	130.91611246875001	4.092726157978177e-11	-9.926167350636332e-24	
677	0.0	-0.01098791208791178	130.91611246875001	4.092726157978177e-11	-9.926167350636332e-24	
678	0.0	-0.028080219780219812	130.91611246875001	4.092726157978177e-11	-9.926167350636332e-24	
679	0.0	-0.01098791208791178	130.91611246875001	4.092726157978177e-11	-9.926167350636332e-24	
680	0.0	-0.003662637362637484	130.91611246875001	4.092726157978177e-11	-9.926167350636332e-24	
681	0.0	-0.003662637362637484	130.91611246875001	4.092726157978177e-11	-9.926167350636332e-24	
682	0.0	-0.01098791208791178	130.91611246875001	4.092726157978177e-11	-9.926167350636332e-24	
683	0.0	-0.01342967032967055	130.91611246875001	4.092726157978177e-11	-9.926167350636332e-24	
684	0.0	-0.03540549450549411	130.91611246875001	4.092726157978177e-11	-9.926167350636332e-24	
685	0.0	-0.01342967032967055	130.91611246875001	4.092726157978177e-11	-9.926167350636332e-24	
686	0.0	-0.01342967032967055	130.91611246875001	4.092726157978177e-11	-9.926167350636332e-24	
687	0.0	-0.023196703296702943	130.91611246875001	4.092726157978177e-11	-9.926167350636332e-24	
688	0.0	-0.0012208791208793855	130.91611246875001	4.092726157978177e-11	-9.926167350636332e-24	
689	0.0	-0.0061043956043955825	130.91611246875001	4.092726157978177e-11	-9.926167350636332e-24	
690	0.0	-0.020754945054944844	130.91611246875001	4.092726157978177e-11	-9.926167350636332e-24	
691	0.0	-0.0061043956043955825	130.91611246875001	4.092726157978177e-11	-9.926167350636332e-24	
692	0.0	-0.0061043956043955825	130.91611246875001	4.092726157978177e-11	-9.926167350636332e-24	
693	0.0	0.0012208791208793855	130.91611246875001	4.092726157978177e-11	-9.926167350636332e-24	
694	0.0	-0.003662637362637484	130.91611246875001	4.092726157978177e-11	-9.926167350636332e-24	
695	0.0	-0.0012208791208793855	130.91611246875001	4.092726157978177e-11	-9.926167350636332e-24	
696	0.0	-0.028080219780219812	130.91611246875001	4.092726157978177e-11	-9.926167350636332e-24	
697	0.0	0.0012208791208793855	130.91611246875001	4.092726157978177e-11	-9.926167350636332e-24	
698	0.0	-0.028080219780219812	130.91611246875001	4.092726157978177e-11	-9.926167350636332e-24	
699	0.0	-0.03296373626373601	130.91611246875001	4.092726157978177e-11	-9.926167350636332e-24	
700	0.0	-0.008546153846153681	130.91611246875001	4.092726157978177e-11	-9.926167350636332e-24	
701	0.0	-0.0012208791208793855	130.91611246875001	4.092726157978177e-11	-9.926167350636332e-24	
702	0.0	-0.015871428571428647	130.91611246875001	4.092726157978177e-11	-9.926167350636332e-24	
703	0.0	-0.0061043956043955825	130.91611246875001	4.092726157978177e-11	-9.926167350636332e-24	
704	0.0	-0.0061043956043955825	130.91611246875001	4.092726157978177e-11	-9.926167350636332e-24	
705	0.0	-0.003662637362637484	130.91611246875001	4.092726157978177e-11	-9.926167350636332e-24	
706	0.0	-0.023196703296702943	130.91611246875001	4.092726157978177e-11	-9.926167350636332e-24	
707	0.0	-0.0061043956043955825	130.91611246875001	4.092726157978177e-11	-9.926167350636332e-24	
708	0.0	-0.025638461538461714	130.91611246875001	4.092726157978177e-11	-9.926167350636332e-24	
709	0.0	0.0061043956043955825	130.91611246875001	4.092726157978177e-11	-9.926167350636332e-24	
710	0.0	-0.018313186813186746	130.91611246875001	4.092726157978177e-11	-9.926167350636332e-24	
711	0.0	-0.025638461538461714	130.91611246875001	4.092726157978177e-11	-9.926167350636332e-24	
712	0.0	-0.0061043956043955825	130.91611246875001	4.092726157978177e-11	-9.926167350636332e-24	
713	0.0	0.0012208791208793855	130.91611246875001	4.092726157978177e-11	-9.926167350636332e-24	
714	0.0	-0.0061043956043955825	130.91611246875001	4.092726157978177e-11	-9.926167350636332e-24	
715	0.0	-0.04028901098901098	130.91611246875001	4.092726157978177e-11	-9.926167350636332e-24	
716	0.0	-0.018313186813186746	130.91611246875001	4.092726157978177e-11	-9.926167350636332e-24	
717	0.0	-0.020754945054944844	130.91611246875001	4.092726157978177e-11	-9.926167350636332e-24	
718	0.0	-0.015871428571428647	130.91611246875001	4.092726157978177e-11	-9.926167350636332e-24	
719	0.0	-0.01098791208791178	130.91611246875001	4.092726157978177e-11	-9.926167350636332e-24	
720	0.0	-0.01342967032967055	130.91611246875001	4.092726157978177e-11	-9.926167350636332e-24	
721	0.0	-0.023196703296702943	130.91611246875001	4.092726157978177e-11	-9.926167350636332e-24	
722	0.0	-0.023196703296702943	130.91611246875001	4.092726157978177e-11	-9.926167350636332e-24	
723	0.0	-0.01098791208791178	130.91611246875001	4.092726157978177e-11	-9.926167350636332e-24	
724	0.0	-0.01342967032967055	130.91611246875001	4.092726157978177e-11	-9.926167350636332e-24	
725	0.0	-0.01098791208791178	130.91611246875001	4.092726157978177e-11	-9.926167350636332e-24	
726	0.0	-0.028080219780219812	130.91611246875001	4.092726157978177e-11	-9.926167350636332e-24	
727	0.0	-0.015871428571428647	130.91611246875001	4.092726157978177e-11	-9.926167350636332e-24	
728	0.0	-0.018313186813186746	130.91611246875001	4.092726157978177e-11	-9.926167350636332e-24	
729	0.0	-0.020754945054944844	130.91611246875001	4.092726157978177e-11	-9.926167350636332e-24	
730	0.0	-0.01342967032967055	130.91611246875001	4.092726157978177e-11	-9.926167350636332e-24	
731	0.0	-0.020754945054944844	130.91611246875001	4.092726157978177e-11	-9.926167350636332e-24	
732	0.0	-0.018313186813186746	130.91611246875001	4.092726157978177e-11	-9.926167350636332e-24	
733	0.0	-0.03296373626373601	130.91611246875001	4.092726157978177e-11	-9.926167350636332e-24	
734	0.0	-0.01342967032967055	130.91611246875001	4.092726157978177e-11	-9.926167350636332e-24	
735	0.0	-0.03540549450549411	130.91611246875001	4.092726157978177e-11	-9.926167350636332e-24	
736	0.0	-0.023196703296702943	130.91611246875001	4.092726157978177e-11	-9.926167350636332e-24	
737	0.0	-0.03052197802197791	130.91611246875001	4.092726157978177e-11	-9.926167350636332e-24	
738	0.0	-0.04028901098901098	130.91611246875001	4.092726157978177e-11	-9.926167350636332e-24	
739	0.0	-0.03784725274725288	130.91611246875001	4.092726157978177e-11	-9.926167350636332e-24	
740	0.0	-0.028080219780219812	130.91611246875001	4.092726157978177e-11	-9.926167350636332e-24	
741	0.0	-0.04273076923076908	130.91611246875001	4.092726157978177e-11	-9.926167350636332e-24	
742	0.0	-0.028080219780219812	130.91611246875001	4.092726157978177e-11	-9.926167350636332e-24	
743	0.0	-0.03296373626373601	130.91611246875001	4.092726157978177e-11	-9.926167350636332e-24	
744	0.0	-0.023196703296702943	130.91611246875001	4.092726157978177e-11	-9.926167350636332e-24	
745	0.0	-0.023196703296702943	130.91611246875001	4.092726157978177e-11	-9.926167350636332e-24	
746	0.0	-0.015871428571428647	130.91611246875001	4.092726157978177e-11	-9.926167350636332e-24	
747	0.0	-0.020754945054944844	130.91611246875001	4.092726157978177e-11	-9.926167350636332e-24	
748	0.0	-0.018313186813186746	130.91611246875001	4.092726157978177e-11	-9.926167350636332e-24	
749	0.0	-0.025638461538461714	130.91611246875001	4.092726157978177e-11	-9.926167350636332e-24	
750	0.0	-0.03296373626373601	130.91611246875001	4.092726157978177e-11	-9.926167350636332e-24	
751	0.0	-0.01342967032967055	130.91611246875001	4.092726157978177e-11	-9.926167350636332e-24	
752	0.0	-0.018313186813186746	130.91611246875001	4.092726157978177e-11	-9.926167350636332e-24	
753	0.0	-0.020754945054944844	130.91611246875001	4.092726157978177e-11	-9.926167350636332e-24	
754	0.0	-0.015871428571428647	130.91611246875001	4.092726157978177e-11	-9.926167350636332e-24	
755	0.0	-0.018313186813186746	130.91611246875001	4.092726157978177e-11	-9.926167350636332e-24	
756	0.0	-0.018313186813186746	130.91611246875001	4.092726157978177e-11	-9.926167350636332e-24	
757	0.0	-0.020754945054944844	130.91611246875001	4.092726157978177e-11	-9.926167350636332e-24	
758	0.0	0.0012208791208793855	130.91611246875001	4.092726157978177e-11	-9.926167350636332e-24	
759	0.0	-0.018313186813186746	130.91611246875001	4.092726157978177e-11	-9.926167350636332e-24	
760	0.0	-0.045172527472527174	130.91611246875001	4.092726157978177e-11	-9.926167350636332e-24	
761	0.0	-0.025638461538461714	130.91611246875001	4.092726157978177e-11	-9.926167350636332e-24	
762	0.0	-0.015871428571428647	130.91611246875001	4.092726157978177e-11	-9.926167350636332e-24	
763	0.0	-0.020754945054944844	130.91611246875001	4.092726157978177e-11	-9.926167350636332e-24	
764	0.0	-0.020754945054944844	130.91611246875001	4.092726157978177e-11	-9.926167350636332e-24	
765	0.0	-0.01098791208791178	130.91611246875001	4.092726157978177e-11	-9.926167350636332e-24	
766	0.0	-0.025638461538461714	130.91611246875001	4.092726157978177e-11	-9.926167350636332e-24	
767	0.0	-0.015871428571428647	130.91611246875001	4.092726157978177e-11	-9.926167350636332e-24	
768	0.0	-0.025638461538461714	130.91611246875001	4.092726157978177e-11	-9.926167350636332e-24	
