0	0.0	-0.01098791208791178	0.0	0.0	0.0	
1	0.0	-0.01098791208791178	0.0	0.0	0.0	
2	0.0	-0.003662637362637484	0.0	0.0	0.0	
3	0.0	-0.018313186813186746	0.0	0.0	0.0	
4	0.0	-0.018313186813186746	0.0	0.0	0.0	
5	0.0	-0.015871428571428647	0.0	0.0	0.0	
6	0.0	-0.008546153846153681	0.0	0.0	0.0	
7	0.0	-0.028080219780219812	0.0	0.0	0.0	
8	0.0	-0.028080219780219812	0.0	0.0	0.0	
9	0.0	-0.01342967032967055	0.0	0.0	0.0	
10	0.0	-0.023196703296702943	0.0	0.0	0.0	
11	0.0	-0.015871428571428647	0.0	0.0	0.0	
12	0.0	-0.0012208791208793855	0.0	0.0	0.0	
13	0.0	0.008546153846153681	0.0	0.0	0.0	
14	0.0	0.0012208791208793855	0.0	0.0	0.0	
15	0.0	-0.01098791208791178	0.0	0.0	0.0	
16	0.0	-0.0012208791208793855	0.0	0.0	0.0	
17	0.0	-0.025638461538461714	0.0	0.0	0.0	
18	0.0	-0.023196703296702943	0.0	0.0	0.0	
19	0.0	-0.03296373626373601	0.0	0.0	0.0	
20	0.0	-0.025638461538461714	0.0	0.0	0.0	
21	0.0	-0.01342967032967055	0.0	0.0	0.0	
22	0.0	-0.03296373626373601	0.0	0.0	0.0	
23	0.0	-0.01342967032967055	0.0	0.0	0.0	
24	0.0	-0.018313186813186746	0.0	0.0	0.0	
25	0.0	-0.025638461538461714	0.0	0.0	0.0	
26	0.0	-0.025638461538461714	0.0	0.0	0.0	
27	0.0	-0.01098791208791178	0.0	0.0	0.0	
28	0.0	-0.015871428571428647	0.0	0.0	0.0	
29	0.0	-0.008546153846153681	0.0	0.0	0.0	
30	0.0	0.008546153846153681	0.0	0.0	0.0	
31	0.0	-0.015871428571428647	0.0	0.0	0.0	
32	0.0	-0.03052197802197791	0.0	0.0	0.0	
33	0.0	-0.023196703296702943	0.0	0.0	0.0	
34	0.0	-0.01098791208791178	0.0	0.0	0.0	
35	0.0	-0.008546153846153681	0.0	0.0	0.0	
36	0.0	-0.023196703296702943	0.0	0.0	0.0	
37	0.0	-0.028080219780219812	0.0	0.0	0.0	
38	0.0	-0.018313186813186746	0.0	0.0	0.0	
39	0.0	-0.015871428571428647	0.0	0.0	0.0	
40	0.0	-0.018313186813186746	0.0	0.0	0.0	
41	0.0	-0.015871428571428647	0.0	0.0	0.0	
42	0.0	-0.028080219780219812	0.0	0.0	0.0	
43	0.0	-0.04273076923076908	0.0	0.0	0.0	
44	0.0	0.0012208791208793855	0.0	0.0	0.0	
45	0.0	-0.01342967032967055	0.0	0.0	0.0	
46	0.0	-0.01098791208791178	0.0	0.0	0.0	
47	0.0	-0.03052197802197791	0.0	0.0	0.0	
48	0.0	-0.01098791208791178	0.0	0.0	0.0	
49	0.0	-0.008546153846153681	0.0	0.0	0.0	
50	0.0	-0.025638461538461714	0.0	0.0	0.0	
51	0.0	0.0012208791208793855	0.0	0.0	0.0	
52	0.0	-0.01342967032967055	0.0	0.0	0.0	
53	0.0	-0.03052197802197791	0.0	0.0	0.0	
54	0.0	-0.03296373626373601	0.0	0.0	0.0	
55	0.0	-0.008546153846153681	0.0	0.0	0.0	
56	0.0	-0.018313186813186746	0.0	0.0	0.0	
57	0.0	-0.018313186813186746	0.0	0.0	0.0	
58	0.0	-0.01098791208791178	0.0	0.0	0.0	
59	0.0	-0.023196703296702943	0.0	0.0	0.0	
60	0.0	-0.018313186813186746	0.0	0.0	0.0	
61	0.0	-0.018313186813186746	0.0	0.0	0.0	
62	0.0	-0.0012208791208793855	0.0	0.0	0.0	
63	0.0	-0.018313186813186746	0.0	0.0	0.0	
64	0.0	-0.03052197802197791	0.0	0.0	0.0	
65	0.0	-0.01098791208791178	0.0	0.0	0.0	
66	0.0	-0.01342967032967055	0.0	0.0	0.0	
67	0.0	-0.01342967032967055	0.0	0.0	0.0	
68	0.0	-0.028080219780219812	0.0	0.0	0.0	
69	0.0	-0.01098791208791178	0.0	0.0	0.0	
70	0.0	-0.028080219780219812	0.0	0.0	0.0	
71	0.0	-0.025638461538461714	0.0	0.0	0.0	
72	0.0	-0.015871428571428647	0.0	0.0	0.0	
73	0.0	-0.015871428571428647	0.0	0.0	0.0	
74	0.0	-0.0012208791208793855	0.0	0.0	0.0	
75	0.0	-0.0061043956043955825	0.0	0.0	0.0	
76	0.0	-0.0012208791208793855	0.0	0.0	0.0	
77	0.0	0.003662637362637484	0.0	0.0	0.0	
78	0.0	-0.01342967032967055	0.0	0.0	0.0	
79	0.0	-0.025638461538461714	0.0	0.0	0.0	
80	0.0	-0.020754945054944844	0.0	0.0	0.0	
81	0.0	-0.0061043956043955825	0.0	0.0	0.0	
82	0.0	-0.01342967032967055	0.0	0.0	0.0	
83	0.0	-0.01098791208791178	0.0	0.0	0.0	
84	0.0	-0.018313186813186746	0.0	0.0	0.0	
85	0.0	-0.0061043956043955825	0.0	0.0	0.0	
86	0.0	0.008546153846153681	0.0	0.0	0.0	
87	0.0	-0.0061043956043955825	0.0	0.0	0.0	
88	0.0	-0.01342967032967055	0.0	0.0	0.0	
89	0.0	-0.023196703296702943	0.0	0.0	0.0	
90	0.0	-0.015871428571428647	0.0	0.0	0.0	
91	0.0	-0.01098791208791178	0.0	0.0	0.0	
92	0.0	-0.003662637362637484	0.0	0.0	0.0	
93	0.0	0.01098791208791178	0.0	0.0	0.0	
94	0.0	0.0012208791208793855	0.0	0.0	0.0	
95	0.0	-0.020754945054944844	0.0	0.0	0.0	
96	0.0	-0.01342967032967055	0.0	0.0	0.0	
97	0.0	-0.008546153846153681	0.0	0.0	0.0	
98	0.0	0.0012208791208793855	0.0	0.0	0.0	
99	0.0	-0.03052197802197791	0.0	0.0	0.0	
100	0.0	-0.01098791208791178	0.0	0.0	0.0	
101	0.0	-0.015871428571428647	0.0	0.0	0.0	
102	0.0	-0.008546153846153681	0.0	0.0	0.0	
103	0.0	0.01342967032967055	0.0	0.0	0.0	
104	0.0	-0.008546153846153681	0.0	0.0	0.0	
105	0.0	-0.003662637362637484	0.0	0.0	0.0	
106	0.0	-0.01098791208791178	0.0	0.0	0.0	
107	0.0	0.0012208791208793855	0.0	0.0	0.0	
108	0.0	0.003662637362637484	0.0	0.0	0.0	
109	0.0	-0.0061043956043955825	0.0	0.0	0.0	
110	0.0	-0.01098791208791178	0.0	0.0	0.0	
111	0.0	-0.020754945054944844	0.0	0.0	0.0	
112	0.0	0.0061043956043955825	0.0	0.0	0.0	
113	0.0	-0.023196703296702943	0.0	0.0	0.0	
114	0.0	-0.008546153846153681	0.0	0.0	0.0	
115	0.0	-0.015871428571428647	0.0	0.0	0.0	
116	0.0	-0.020754945054944844	0.0	0.0	0.0	
117	0.0	-0.0061043956043955825	0.0	0.0	0.0	
118	0.0	-0.0061043956043955825	0.0	0.0	0.0	
119	0.0	-0.0061043956043955825	0.0	0.0	0.0	
120	0.0	-0.015871428571428647	0.0	0.0	0.0	
121	0.0	-0.01098791208791178	0.0	0.0	0.0	
122	0.0	-0.0012208791208793855	0.0	0.0	0.0	
123	0.0	0.0061043956043955825	0.0	0.0	0.0	
124	0.0	-0.015871428571428647	0.0	0.0	0.0	
125	0.0	-0.01342967032967055	0.0	0.0	0.0	
126	0.0	-0.025638461538461714	0.0	0.0	0.0	
127	0.0	-0.015871428571428647	0.0	0.0	0.0	
128	0.0	-0.015871428571428647	0.0	0.0	0.0	
129	0.0	0.0061043956043955825	0.0	0.0	0.0	
130	0.0	-0.0061043956043955825	0.0	0.0	0.0	
131	0.0	-0.01098791208791178	0.0	0.0	0.0	
132	0.0	-0.023196703296702943	0.0	0.0	0.0	
133	0.0	-0.008546153846153681	0.0	0.0	0.0	
134	0.0	-0.01342967032967055	0.0	0.0	0.0	
135	0.0	-0.018313186813186746	0.0	0.0	0.0	
136	0.0	-0.01342967032967055	0.0	0.0	0.0	
137	0.0	-0.020754945054944844	0.0	0.0	0.0	
138	0.0	-0.01342967032967055	0.0	0.0	0.0	
139	0.0	-0.008546153846153681	0.0	0.0	0.0	
140	0.0	-0.01098791208791178	0.0	0.0	0.0	
141	0.0	-0.015871428571428647	0.0	0.0	0.0	
142	0.0	-0.015871428571428647	0.0	0.0	0.0	
143	0.0	-0.008546153846153681	0.0	0.0	0.0	
144	0.0	-0.003662637362637484	0.0	0.0	0.0	
145	0.0	-0.0012208791208793855	0.0	0.0	0.0	
146	0.0	-0.020754945054944844	0.0	0.0	0.0	
147	0.0	-0.020754945054944844	0.0	0.0	0.0	
148	0.0	-0.01098791208791178	0.0	0.0	0.0	
149	0.0	0.0061043956043955825	0.0	0.0	0.0	
150	0.0	-0.003662637362637484	0.0	0.0	0.0	
151	0.0	-0.025638461538461714	0.0	0.0	0.0	
152	0.0	-0.020754945054944844	0.0	0.0	0.0	
153	0.0	-0.008546153846153681	0.0	0.0	0.0	
154	0.0	-0.05738131868131834	0.0	0.0	0.0	
155	0.0	-0.018313186813186746	0.0	0.0	0.0	
156	0.0	-0.0061043956043955825	0.0	0.0	0.0	
157	0.0	-0.01098791208791178	0.0	0.0	0.0	
158	0.0	-0.01098791208791178	0.0	0.0	0.0	
159	0.0	-0.0012208791208793855	0.0	0.0	0.0	
160	0.0	-0.0061043956043955825	0.0	0.0	0.0	
161	0.0	-0.018313186813186746	0.0	0.0	0.0	
162	0.0	-0.018313186813186746	0.0	0.0	0.0	
163	0.0	-0.01342967032967055	0.0	0.0	0.0	
164	0.0	0.0012208791208793855	0.0	0.0	0.0	
165	0.0	-0.015871428571428647	0.0	0.0	0.0	
166	0.0	0.0012208791208793855	0.0	0.0	0.0	
167	0.0	-0.015871428571428647	0.0	0.0	0.0	
168	0.0	-0.020754945054944844	0.0	0.0	0.0	
169	0.0	-0.018313186813186746	0.0	0.0	0.0	
170	0.0	-0.0061043956043955825	0.0	0.0	0.0	
171	0.0	-0.008546153846153681	0.0	0.0	0.0	
172	0.0	-0.0061043956043955825	0.0	0.0	0.0	
173	0.0	-0.023196703296702943	0.0	0.0	0.0	
174	0.0	0.008546153846153681	0.0	0.0	0.0	
175	0.0	-0.008546153846153681	0.0	0.0	0.0	
176	0.0	-0.023196703296702943	0.0	0.0	0.0	
177	0.0	-0.020754945054944844	0.0	0.0	0.0	
178	0.0	-0.025638461538461714	0.0	0.0	0.0	
179	0.0	-0.023196703296702943	0.0	0.0	0.0	
180	0.0	0.0012208791208793855	0.0	0.0	0.0	
181	0.0	-0.03052197802197791	0.0	0.0	0.0	
182	0.0	-0.01098791208791178	0.0	0.0	0.0	
183	0.0	-0.015871428571428647	0.0	0.0	0.0	
184	0.0	-0.03296373626373601	0.0	0.0	0.0	
185	0.0	-0.018313186813186746	0.0	0.0	0.0	
186	0.0	-0.015871428571428647	0.0	0.0	0.0	
187	0.0	-0.028080219780219812	0.0	0.0	0.0	
188	0.0	-0.0012208791208793855	0.0	0.0	0.0	
189	0.0	0.0012208791208793855	0.0	0.0	0.0	
190	0.0	-0.018313186813186746	0.0	0.0	0.0	
191	0.0	-0.0061043956043955825	0.0	0.0	0.0	
192	0.0	-0.008546153846153681	0.0	0.0	0.0	
193	0.0	-0.003662637362637484	0.0	0.0	0.0	
194	0.0	-0.020754945054944844	0.0	0.0	0.0	
195	0.0	-0.020754945054944844	0.0	0.0	0.0	
196	0.0	0.0012208791208793855	0.0	0.0	0.0	
197	0.0	-0.003662637362637484	0.0	0.0	0.0	
198	0.0	-0.0061043956043955825	0.0	0.0	0.0	
199	0.0	-0.018313186813186746	0.0	0.0	0.0	
200	50.0	-0.01342967032967055	0.0	0.0	0.0	
201	50.0	-0.018313186813186746	0.042951480468750004	2.1475740234375	107.37870117187501	
202	50.0	-0.01098791208791178	0.20248555078125002	9.279273040207455	430.5715700536236	
203	50.0	-0.023196703296702943	0.47246628515625005	19.12720047028719	791.8256464355688	
204	50.0	-0.020754945054944844	0.8559616464843751	30.776001901082658	1141.6009756167414	
205	50.0	0.7166560439560432	1.3483696904296876	43.286991440450606	1444.90790012194	
206	50.0	1.3637219780219776	1.95736032421875	56.704419877633626	1725.799136301497	
207	50.0	1.8471901098901093	2.672195677734375	70.13473780656504	1952.1559068473716	
208	50.0	2.1402010989010987	3.4990116767578128	83.87966989670468	2160.5752501034867	
209	50.0	2.4039109890109893	4.4301384140625	97.43192976544968	2334.0483698633775	
210	50.0	2.5675087912087906	5.414954501953125	108.33625863670554	2362.7678751554176	
211	50.0	2.7384318681318685	6.373692905273438	113.64618437176335	2145.444290105121	
212	50.0	2.7921505494505494	7.281809920898438	114.33574783354862	1804.5147159389603	
213	50.0	2.7579659340659344	8.140839530273437	112.29961891379423	1464.2901083840698	
214	50.0	2.0742736263736266	8.964587566406252	109.30056560119658	1201.3887644063443	
215	50.0	1.2855857142857146	9.771461806640627	106.63785797268434	1046.3780614606612	
216	50.0	0.6263109890109889	10.566064195312501	104.40925153616809	963.0814493679072	
217	50.0	0.23807142857142904	11.354530658203126	102.75073707822571	931.871718784505	
218	50.0	0.047614285714285276	12.141463139648438	101.66809811032977	934.8949254101526	
219	50.0	-0.052497802197802146	12.931463583984376	101.16484250960434	961.2321779878603	
220	50.0	-0.020754945054944844	13.716862083984376	100.62950533300784	973.5266620254233	
221	50.0	-0.008546153846153681	14.505328546875	100.4582050578332	996.9773724901042	
222	50.0	0.0695901098901095	15.292261028320313	100.27760711383667	1010.0294985365713	
223	50.0	0.08424065934065876	16.082261472656253	100.32146706527874	1028.4239920707187	
224	50.0	0.11109999999999987	16.87226191699219	100.34806947128413	1038.8988494488713	
225	50.0	0.12330879120879103	17.666864305664063	100.59430186338341	1056.3433985762103	
226	50.0	0.1623769230769233	18.459932712890627	100.66695029039533	1059.260494339448	
227	50.0	0.18679450549450563	19.254535101562503	100.78771286222002	1063.735164115098	
228	50.0	0.21853736263736293	20.047603508789063	100.78425999430021	1060.7365284899433	
229	50.0	0.1965615384615387	20.840671916015626	100.78216572398605	1058.9714517611646	
230	50.0	0.20144505494505557	21.632206341796877	100.70419641253102	1054.0984882422322	
231	50.0	0.19900329670329678	22.426808730468753	100.81030377786419	1060.025118592147	
232	50.0	0.20877032967032985	23.21834315625	100.72126300537593	1054.3000580587623	
233	50.0	0.18435274725274753	24.01447952636719	100.89735426222819	1063.7169663736609	
234	50.0	0.20144505494505557	24.80601395214844	100.77406179451918	1055.1857511620442	
235	50.0	0.19900329670329678	25.600616340820313	100.85267927524251	1059.5982578614912	
236	50.0	0.18435274725274753	26.392150766601564	100.74696504445433	1053.3822681065199	
237	50.0	0.1941197802197806	27.185219173828127	100.75954519283823	1055.0907569220221	
238	50.0	0.20632857142857175	27.976753599609378	100.69047636647815	1052.0964486595299	
239	50.0	0.22097912087912103	28.772889969726563	100.87868122132	1062.8591032880668	
240	50.0	0.1941197802197806	29.564424395507814	100.76273602239075	1054.9557732456706	
241	50.0	0.18191098901098943	30.360560765625003	100.92250891928165	1063.4698243622297	
242	50.0	0.19900329670329678	31.153629172851566	100.86601793793693	1058.479682203094	
243	50.0	0.18435274725274753	31.94823156152344	100.90845349708911	1060.1663254109435	
244	50.0	0.19900329670329678	32.741299968750006	100.85749289321006	1056.6945529331156	
245	50.0	0.19900329670329678	33.53436837597656	100.82658372368019	1055.38118988538	
246	50.0	0.1965615384615387	34.32590280175781	100.7311372919196	1051.2302401056695	
247	50.0	0.1623769230769233	35.12050519042969	100.82664424765744	1057.8665412330006	
248	50.0	0.1916780219780225	35.91203961621094	100.73117400156889	1052.7367408671885	
249	50.0	0.17702747252747322	36.70817598632813	100.90336558544982	1062.614662982774	
250	50.0	0.17946923076923132	37.50124439355469	100.85440691872282	1058.2586554193285	
251	50.0	0.17946923076923132	38.29738076367188	100.9781101300191	1064.0477562824744	
252	50.0	0.17458571428571446	39.088915189453125	100.82304270561372	1054.1307329522028	
253	50.0	0.1916780219780225	39.883517578125	100.88238770036969	1058.1967652318317	
254	50.0	0.1916780219780225	40.67505200390625	100.76498411563512	1052.0702910923624	
255	50.0	0.17946923076923132	41.47118837402344	100.92387245679652	1061.6847358909108	
256	50.0	0.1916780219780225	42.26272279980469	100.79014589300164	1053.5408163744178	
257	50.0	0.1574934065934071	43.05885916992188	100.93913384663756	1062.185420511733	
258	50.0	0.1941197802197806	43.85346155859375	100.95280053863189	1061.2771087157976	
259	50.0	0.18435274725274753	44.648063947265626	100.9610898065689	1060.513689832242	
260	50.0	0.1916780219780225	45.43959837304688	100.81271935732411	1052.251857916383	
261	50.0	0.1965615384615387	46.235734743164066	100.9528253452163	1061.0526386145389	
262	50.0	0.20632857142857175	47.02726916894532	100.80770670799211	1052.7072488921062	
263	50.0	0.1965615384615387	47.823405539062506	100.9497850196276	1061.4067876197664	
264	50.0	0.26493076923076947	48.61647394628907	100.88256172952379	1056.8042779899065	
265	50.0	0.1916780219780225	49.414144297851564	101.0718859587173	1066.562813382001	
266	50.0	0.18679450549450563	50.20721270507813	100.95661969467119	1058.0330493532665	
267	50.0	0.17702747252747322	51.001815093750004	100.9634062418645	1058.4866852282316	
268	50.0	0.1965615384615387	51.79641748242188	100.96752249092197	1058.6563070069787	
269	50.0	0.20388681318681365	52.591019871093756	100.97001912224596	1058.6951853100736	
270	50.0	0.17946923076923132	53.38255429687501	100.81813526119959	1051.0100394818587	
271	50.0	0.18435274725274753	54.17869066699219	100.95611025705557	1060.2152271286586	
272	50.0	0.1892362637362644	54.973293055664065	100.96309725232231	1059.81816410569	
273	50.0	0.18679450549450563	55.769429425781254	101.04403415155184	1063.303647803888	
274	50.0	0.17946923076923132	56.56403181445313	101.01642579150439	1060.3242797263283	
275	50.0	0.1941197802197806	57.36016818457032	101.0763795464818	1062.7814305692814	
276	50.0	0.1892362637362644	58.15477057324219	101.03604426576112	1059.5046086396223	
277	50.0	0.20144505494505557	58.949372961914065	101.0115796806731	1058.1442786340153	
278	50.0	0.16970219780219825	59.74397535058594	100.99674115933612	1057.6995903634042	
279	50.0	0.1965615384615387	60.54011172070313	101.06444021322295	1061.495547291308	
280	50.0	0.18435274725274753	61.333180127929694	100.95210362162061	1055.0753690266688	
281	50.0	0.1892362637362644	62.130850479492196	101.11406524955419	1064.4328878769143	
282	50.0	0.18191098901098943	62.925452868164065	101.05890180072856	1059.9203027506483	
283	50.0	0.1892362637362644	63.72005525683594	101.02544347681169	1058.0410038699938	
284	50.0	0.20632857142857175	64.51465764550782	101.00514997698474	1057.4213864130757	
285	50.0	0.1941197802197806	65.30926003417969	100.99284134680966	1057.3611078821637	
286	50.0	0.18679450549450563	66.10232844140626	100.90867671276283	1053.6809772490337	
287	50.0	0.1892362637362644	66.89693083007813	100.93432735262832	1056.5924732167482	
288	50.0	0.1623769230769233	67.69153321875001	100.94988525257031	1057.9595495632702	
289	50.0	0.17702747252747322	68.48766958886719	101.03602066840995	1062.3817710906046	
290	50.0	0.18191098901098943	69.28227197753907	101.0115653681537	1059.889732829999	
291	50.0	0.1965615384615387	70.07687436621094	100.99673247835426	1058.7584844188596	
292	50.0	0.20632857142857175	70.87301073632813	101.06443494794075	1062.13793399713	
293	50.0	0.20388681318681365	71.6660791435547	100.9521004280673	1055.4650781383289	
294	50.0	0.18435274725274753	72.46068153222657	100.96066516803512	1056.999400837131	
295	50.0	0.17702747252747322	73.25528392089845	100.96585994556017	1057.7968436590213	
296	50.0	0.20144505494505557	74.05142029101563	101.0457098097504	1062.034698532535	
297	50.0	0.18679450549450563	74.84755666113281	101.09414120186966	1063.3635222970925	
298	50.0	0.16481868131868208	75.64369303125001	101.12351632688024	1063.4164472827515	
299	50.0	0.1892362637362644	76.43829541992189	101.06463416904899	1059.1568479536013	
300	50.0	0.1965615384615387	77.23443179003907	101.10561940631032	1061.3237675927812	
301	50.0	0.18679450549450563	78.02903417871094	101.05377913771599	1058.1658481896684	
302	50.0	0.18679450549450563	78.82363656738282	101.02233642455121	1057.0565243423366	
303	50.0	0.18435274725274753	79.61670497460938	100.92656638220888	1053.037626531001	
304	50.0	0.1892362637362644	80.41284134472657	101.02187705820234	1059.7590529666136	
305	50.0	0.1965615384615387	81.20897771484375	101.079685906956	1062.3538428418174	
306	50.0	0.20388681318681365	82.00511408496095	101.1147487470821	1063.0288074219025	
307	50.0	0.18435274725274753	82.79971647363281	101.05931636294599	1059.0580573537254	
308	50.0	0.18191098901098943	83.59431886230469	101.02569492151497	1057.5115796639834	
309	50.0	0.18191098901098943	84.38738726953126	100.92860341364576	1053.2614111284656	
310	50.0	0.17458571428571446	85.18198965820314	100.94641350799066	1056.0281582931061	
311	50.0	0.1892362637362644	85.97505806542969	100.88051680429089	1053.5943970839007	
312	50.0	0.17702747252747322	86.77119443554689	100.9939465765683	1060.8127645544187	
313	50.0	0.16726043956044018	87.56426284277345	100.90934706851476	1055.7573279680933	
314	50.0	0.1916780219780225	88.36039921289063	101.0114330162196	1061.6763740445876	
315	50.0	0.18679450549450563	89.1550016015625	100.99665220284533	1059.8441950293563	
316	50.0	0.1892362637362644	89.94960399023438	100.98768718611518	1058.962745357981	
317	50.0	0.18435274725274753	90.74267239746095	100.90555055619097	1054.732560243161	
318	50.0	0.1941197802197806	91.53727478613283	100.93243124276796	1057.2788983741484	
319	50.0	0.16726043956044018	92.33034319335938	100.87203613150996	1054.5704159945735	
320	50.0	0.17946923076923132	93.12801354492188	101.0655018606376	1065.3715674004006	
321	50.0	0.1892362637362644	93.92108195214844	100.95274754334514	1057.4097868388653	
322	50.0	0.18435274725274753	94.71875230371094	101.11445580783402	1065.8387717160495	
323	50.0	0.17702747252747322	95.51182071093751	100.98243961404023	1056.931988121647	
324	50.0	0.17702747252747322	96.30642309960939	100.97906681501718	1057.4173904594554	
325	50.0	0.20144505494505557	97.09949150683595	100.90032203667943	1053.9292910480044	
326	50.0	0.1916780219780225	97.89562787695313	101.00595905756018	1060.7079414986783	
327	50.0	0.17702747252747322	98.6886962841797	100.91663300673463	1055.5069705593778	
328	50.0	0.18435274725274753	99.4863666357422	101.09255123352432	1065.2461910104594	
329	50.0	0.1941197802197806	100.27943504296876	100.96915381777399	1056.9131583971098	
330	50.0	0.20388681318681365	101.07710539453126	101.12440671655895	1065.2824543456609	
331	50.0	0.18435274725274753	101.87017380175782	100.9884751454374	1056.4398404234298	
332	50.0	0.18435274725274753	102.66477619042969	100.98272754995742	1057.0250428416202	
333	50.0	0.20388681318681365	103.45784459765626	100.90254238471789	1053.6344003460777	
334	50.0	0.1965615384615387	104.25398096777344	101.00730576675778	1060.4945576152713	
335	50.0	0.18191098901098943	105.04704937500001	100.9174498271741	1055.3566070496763	
336	50.0	0.20632857142857175	105.8447197265625	101.0930466601776	1065.1422903960756	
337	50.0	0.20388681318681365	106.63932211523438	101.04615338150052	1060.6773898374436	
338	50.0	0.1892362637362644	107.43392450390625	101.01771116947839	1058.69842233898	
339	50.0	0.1941197802197806	108.22699291113283	100.92376102312392	1054.105404947265	
340	50.0	0.18679450549450563	109.02312928125001	101.02017552185771	1060.4503131458491	
341	50.0	0.24539670329670335	109.81619768847658	100.92525572843897	1055.1296628749483	
342	50.0	0.1623769230769233	110.61386804003907	101.09778117874794	1064.8832698199863	
343	50.0	0.17946923076923132	111.40693644726564	100.97232593998888	1056.6117164748157	
344	50.0	0.17458571428571446	112.20460679882814	101.12633070598804	1065.0502980515325	
345	50.0	0.17946923076923132	112.99920918750001	101.06634117631438	1060.1040685007383	
346	50.0	0.1916780219780225	113.79381157617189	101.02995568631559	1058.0367904768868	
347	50.0	0.20388681318681365	114.58841396484375	101.0078867704633	1057.3486716635175	
348	50.0	0.1965615384615387	115.38301635351563	100.99450129601246	1057.2744504507923	
349	50.0	0.18435274725274753	116.1760847607422	100.90968352287564	1053.602606730878	
350	50.0	0.17946923076923132	116.9737551123047	101.08833615837739	1064.1991916856873	
351	50.0	0.1941197802197806	117.76682351953126	100.96659724539495	1056.3436603194655	
352	50.0	0.1916780219780225	118.56295988964845	101.04615700471732	1061.1418341714866	
353	50.0	0.17702747252747322	119.35756227832032	101.01771336706952	1058.9800657384408	
354	50.0	0.18191098901098943	120.15369864843751	101.07716050055842	1061.946103365436	
355	50.0	0.17702747252747322	120.94676705566407	100.95981886610025	1055.1508605963968	
356	50.0	0.19900329670329678	121.74290342578126	101.04204570973889	1060.523759843462	
357	50.0	0.1916780219780225	122.53597183300782	100.93852066828094	1054.8341565644087	
358	50.0	0.18435274725274753	123.33210820312502	101.02912769941577	1060.662829390607	
359	50.0	0.17458571428571446	124.12671059179688	101.00738457101033	1058.9543189791557	
360	50.0	0.19900329670329678	124.92438094335938	101.14759484116712	1065.9260406007888	
361	50.0	0.1916780219780225	125.71898333203126	101.07923852660133	1060.3046025948215	
362	50.0	0.1623769230769233	126.51511970214845	101.11447739717278	1061.7928365525195	
363	50.0	0.1965615384615387	127.30972209082033	101.05915178090254	1058.312622257286	
364	50.0	0.1941197802197806	128.1043244794922	101.02559509745606	1057.062009455185	
365	50.0	0.17702747252747322	128.89739288671876	100.92854286729016	1052.99028514456	
366	50.0	0.1965615384615387	129.69352925683594	101.02307585703147	1059.6996070997834	
367	50.0	0.18679450549450563	130.48966562695313	101.08041301522371	1062.2991472822582	
368	50.0	0.1965615384615387	131.28580199707034	101.1151897605514	1062.9843272657963	
369	50.0	0.17946923076923132	132.08193836718752	101.13628292340763	1062.8591751816061	
370	50.0	0.17946923076923132	132.8765407558594	101.07237750147488	1058.62034076888	
371	50.0	0.18191098901098943	133.67267712597658	101.1103159749664	1060.8779604221072	
372	50.0	0.1965615384615387	134.46727951464845	101.05662775067867	1057.8224267142027	
373	50.0	0.1916780219780225	135.26188190332033	101.02406419569888	1056.8039363246412	
374	50.0	0.1892362637362644	136.0580182734375	101.08101247294053	1060.5274667024482	
375	50.0	0.18679450549450563	136.8541546435547	101.11555335004414	1061.900427830159	
376	50.0	0.1965615384615387	137.65029101367188	101.13650345159294	1062.1961035636418	
377	50.0	0.1892362637362644	138.44642738378909	101.14921033085102	1062.0496921688	
378	50.0	0.20144505494505557	139.24256375390627	101.15691744291598	1061.7633131344924	
379	50.0	0.20877032967032985	140.03870012402345	101.16159204281121	1061.4697795411798	
380	50.0	0.1916780219780225	140.83330251269533	101.08772825878259	1057.3841046349744	
381	50.0	0.18435274725274753	141.6279049013672	101.04292760790668	1056.054506651712	
382	50.0	0.1965615384615387	142.42250729003908	101.01575463884001	1055.9446586071308	
383	50.0	0.22097912087912103	143.21864366015626	101.07597247180274	1060.1354915924076	
384	50.0	0.17702747252747322	144.01478003027344	101.11249643474639	1061.7410485967193	
385	50.0	0.1965615384615387	144.81091640039062	101.13464933869	1062.1469663674307	
386	50.0	0.20388681318681365	145.60705277050783	101.1480857544966	1062.0487180815694	
387	50.0	0.20144505494505557	146.4016551591797	101.07953628059386	1057.9452544590013	
388	50.0	0.20632857142857175	147.1962575478516	101.03795892183552	1056.522236217928	
389	50.0	0.20388681318681365	147.99085993652346	101.0127409783181	1056.305607772511	
390	50.0	0.17458571428571446	148.7854623251953	100.99744552198081	1056.566323360902	
391	50.0	0.17214395604395635	149.58313267675783	101.14156650303721	1064.6321877477058	
392	50.0	0.17702747252747322	150.3762010839844	100.9988830823313	1055.778620630996	
393	50.0	0.1892362637362644	151.17387143554689	101.14243842748692	1064.1320696181333	
394	50.0	0.17458571428571446	151.96847382421876	101.07611100352369	1059.2966799256737	
395	50.0	0.20388681318681365	152.76307621289064	101.03588138622126	1057.3951759816487	
396	50.0	0.16726043956044018	153.5561446201172	100.93478181696719	1053.0324219767217	
397	50.0	0.1941197802197806	154.3522809902344	101.02685997139815	1059.6281565403574	
398	50.0	0.1892362637362644	155.14688337890627	101.00600912439859	1058.3620184813476	
399	50.0	0.17946923076923132	155.94455373046875	101.14676059060548	1065.588178648757	
400	0.0	0.1916780219780225	156.73915611914063	101.07873252803984	1060.1126505060952	
401	0.0	0.1965615384615387	157.5306905449219	100.88407327672758	1050.1794185254212	
402	0.0	0.1965615384615387	158.31302108203127	100.30581203580732	1024.171594095746	
403	0.0	0.20877032967032985	159.0892156933594	99.64828256528563	1002.0484731795441	
404	0.0	0.18191098901098943	159.85620641601565	98.7892763373211	975.8441584142579	
405	0.0	0.12086703296703226	160.61859519433594	98.03816549223302	961.8020460520411	
406	0.0	0.09644945054944994	161.37024610253908	97.04570021761992	938.1192302341242	
407	0.0	0.062264835164835206	162.11882904785156	96.29034143899298	931.5165586992885	
408	0.0	0.062264835164835206	162.8582081044922	95.37199873464033	916.2469956074624	
409	0.0	0.050056043956044044	163.58991725390626	94.43150035187773	902.0898461160505	
410	0.0	0.018313186813186746	164.31549047753907	93.55426294277277	892.7868562163467	
411	0.0	-0.0061043956043955825	165.03339379394532	92.63869618252465	881.6094806223832	
412	0.0	0.01342967032967055	165.74362720312502	91.6998814950166	869.891205932659	
413	0.0	0.023196703296702943	166.44465672363282	90.6702671542007	854.3713818399406	
414	0.0	0.015871428571428647	167.14261828125	89.89237632733057	853.2974365721911	
415	0.0	-0.0061043956043955825	167.83137595019534	88.9603672445246	841.7315606456818	
416	0.0	0.0012208791208793855	168.51399769335939	88.0882788562576	833.8682596886811	
417	0.0	0.008546153846153681	169.18894952929688	87.17583513510726	823.4840387883041	
418	0.0	0.008546153846153681	169.85776543945315	86.3156137388778	816.0332310241993	
419	0.0	0.003662637362637484	170.51891144238283	85.41036771242943	805.7146830597403	
420	0.0	-0.01098791208791178	171.17238753808596	84.477812866573	794.3568392095685	
421	0.0	-0.018313186813186746	171.81972770800783	83.60539345627876	786.6282020194726	
422	0.0	-0.01098791208791178	172.45939797070315	82.6927489601112	776.3308058017983	
423	0.0	-0.01098791208791178	173.0929323076172	81.83240578767436	768.9357816708762	
424	0.0	-0.0061043956043955825	173.7187967373047	80.92708590022266	758.6529616584835	
425	0.0	0.0012208791208793855	174.33852524121096	80.07118532766253	751.1528899662662	
426	0.0	-0.020754945054944844	174.95365180078127	79.32195815784871	748.4071857571307	
427	0.0	-0.0012208791208793855	175.5595744716797	78.40733446233025	735.3816528401676	
428	0.0	-0.008546153846153681	176.1593612167969	77.54579084478246	726.3627041797095	
429	0.0	-0.008546153846153681	176.75301203613282	76.71644192280473	718.9485431528792	
430	0.0	-0.01098791208791178	177.3374589667969	75.75322192677413	704.3372407000666	
431	0.0	-0.023196703296702943	177.917303953125	74.93890223447124	698.9470392929547	
432	0.0	0.003662637362637484	178.4910130136719	74.13819607180994	692.9995519960107	
433	0.0	-0.008546153846153681	179.0555181855469	73.19234878795942	678.8324731770845	
434	0.0	0.0012208791208793855	179.61695539453126	72.46526525079389	677.2765367640759	
435	0.0	-0.003662637362637484	180.1707226962891	71.64077142003043	668.4632824177656	
436	0.0	-0.018313186813186746	180.71528610937503	70.68049618575424	652.9278963699876	
437	0.0	-0.0061043956043955825	181.25678155957033	69.94466165406084	650.7663761776398	
438	0.0	-0.03540549450549411	181.79060710253907	69.11486007666463	641.721883678852	
439	0.0	-0.0012208791208793855	182.3198307011719	68.38146274803876	637.6336342398786	
440	0.0	0.05738131868131834	182.83985041113283	67.47644033680626	623.5476722849967	
441	0.0	0.008546153846153681	183.35526817675782	66.69741926496135	617.5712065698822	
442	0.0	-0.01342967032967055	183.86455001660158	65.91812279843543	610.7192827194353	
443	0.0	-0.03052197802197791	184.36616194921876	65.06196022432232	599.5056950826483	
444	0.0	-0.025638461538461714	184.8616379560547	64.23587507026241	590.6767497187834	
445	0.0	-0.0012208791208793855	185.3509780371094	63.4280327941251	582.8264968951839	
446	0.0	-0.008546153846153681	185.83725015527347	62.78465352759849	582.9561044799761	
447	0.0	-0.0012208791208793855	186.31431838476564	61.93422983243909	570.028734258753	
448	0.0	-0.018313186813186746	186.78371670703126	61.03492641224693	556.2361412035402	
449	0.0	0.0012208791208793855	187.25311502929688	60.48947130071247	561.8535504295724	
450	0.0	-0.003662637362637484	187.71177548144533	59.62174253722333	546.8971488696543	
451	0.0	-0.025638461538461714	188.16430000781253	58.78864213450288	535.9779117814446	
452	0.0	-0.01098791208791178	188.61222258984375	58.0532439671133	530.8038648340398	
453	0.0	-0.01098791208791178	189.05400924609376	57.30040613032361	523.7603511414795	
454	0.0	-0.025638461538461714	189.4896599765625	56.53699059905739	515.8541135009868	
455	0.0	-0.01098791208791178	189.9176407998047	55.69046029934725	503.75412358753147	
456	0.0	-0.020754945054944844	190.34255366015626	55.02361555972857	501.90768549473796	
457	0.0	-0.015871428571428647	190.7613305947266	54.312357479837374	495.8165488484183	
458	0.0	-0.01342967032967055	191.17243762207033	53.497462274368445	484.0064904299238	
459	0.0	-0.008546153846153681	191.57894270507813	52.77310611758185	478.0090650398788	
460	0.0	-0.03784725274725288	191.98084584375002	52.10366467122003	474.1294112643818	
461	0.0	-0.0061043956043955825	192.37661305664065	51.390831609025554	466.8454424672723	
462	0.0	-0.028080219780219812	192.76624434375	50.6516802007518	458.1713373705429	
463	0.0	-0.028080219780219812	193.15127368652347	49.97326498049188	452.89824284244446	
464	0.0	-0.0012208791208793855	193.53170108496096	49.331688121421394	448.7435940236803	
465	0.0	0.0012208791208793855	193.9044585761719	48.559056713938844	437.024619307422	
466	0.0	-0.015871428571428647	194.27261412304688	47.86033484712607	430.42528993774704	
467	0.0	-0.020754945054944844	194.63463374414064	47.12974231172302	421.947028269803	
468	0.0	-0.01098791208791178	194.99358540234377	46.53321738267914	420.49459266619715	
469	0.0	-0.015871428571428647	195.34486715332034	45.78791135278334	409.71409216385223	
470	0.0	-0.015871428571428647	195.69154695996096	45.10576316571496	403.2591008516299	
471	0.0	-0.008546153846153681	196.03209084082033	44.38522307549283	394.61068471471776	
472	0.0	-0.020754945054944844	196.36803277734376	43.718096190557844	389.0637886808513	
473	0.0	-0.01098791208791178	196.69937276953127	43.08336605314253	384.56755139631514	
474	0.0	-0.018313186813186746	197.02304285449222	42.314887392378296	372.5349348644879	
475	0.0	-0.015871428571428647	197.3421109951172	41.61868429383321	365.68080211012625	
476	0.0	0.003662637362637484	197.65657719140626	40.96631854091902	360.8437842996075	
477	0.0	-0.003662637362637484	197.9664414433594	40.34054148288669	356.54859284853546	
478	0.0	-0.01342967032967055	198.27170375097657	39.73089128394713	352.16861485572554	
479	0.0	-0.0061043956043955825	198.57083013281252	39.054323447493516	343.6515051833246	
480	0.0	-0.018313186813186746	198.86535457031252	38.41386708336722	337.50053716467505	
481	0.0	0.0012208791208793855	199.15374308203127	37.71861436270592	328.3882649367297	
482	0.0	0.003662637362637484	199.43752964941407	37.06682504312994	322.16683908041705	
483	0.0	0.0012208791208793855	199.71824825390627	36.51809668186979	320.85795247940746	
484	0.0	-0.01342967032967055	199.9928309326172	35.87847980881088	313.25629579503493	
485	0.0	-0.0012208791208793855	200.2612776855469	35.183736265233165	303.251083356746	
486	0.0	-0.01098791208791178	200.52665647558595	34.60895484944922	300.31509841946945	
487	0.0	-0.023196703296702943	200.78589933984378	33.953535999620726	292.1316489958774	
488	0.0	-0.01098791208791178	201.04054025976563	33.325907144653684	285.8542159426936	
489	0.0	0.0012208791208793855	201.29211321679688	32.791832846323814	284.13569434280566	
490	0.0	0.0012208791208793855	201.5360162666016	32.08440503970269	272.22277555735036	
491	0.0	-0.008546153846153681	201.77685135351564	31.5019302292676	268.32693257699816	
492	0.0	0.0012208791208793855	202.01155051464846	30.841845099583225	259.68092244117474	
493	0.0	0.003662637362637484	202.24164773144534	30.211386002736617	253.19548692428793	
494	0.0	0.003662637362637484	202.46714300390627	29.598896003628397	247.55985854720325	
495	0.0	0.003662637362637484	202.68803633203126	28.997304813519804	242.16026734141906	
496	0.0	-0.0061043956043955825	202.90432771582033	28.402324085396685	236.734377112954	
497	0.0	-0.003662637362637484	203.11601715527345	27.81135280525814	231.18975132960804	
498	0.0	-0.008546153846153681	203.32310465039063	27.22281337831555	225.51076690350692	
499	0.0	-0.003662637362637484	203.5255902011719	26.63574894494377	219.71247757274818	
500	0.0	-0.020754945054944844	203.7219398261719	25.97288006814233	209.98393824411255	
501	0.0	-0.003662637362637484	203.91522148828128	25.417431615542228	206.72015295280266	
502	0.0	-0.018313186813186746	204.1054351875	24.92713694547274	205.70718646064802	
503	0.0	-0.020754945054944844	204.28951296093751	24.322961898647918	197.3764438065599	
504	0.0	-0.01342967032967055	204.47052277148438	23.803113054436835	194.04784965224962	
505	0.0	-0.008546153846153681	204.64693063769533	23.25771156664996	188.60709173218447	
506	0.0	-0.015871428571428647	204.81873655957034	22.696811616673585	182.28255324706367	
507	0.0	-0.023196703296702943	204.9874745185547	22.203210446208686	179.49790999573236	
508	0.0	-0.01098791208791178	205.15007655175782	21.597029905462477	170.14400297207976	
509	0.0	-0.0061043956043955825	205.30961062207032	21.075964667670632	166.22601115564441	
510	0.0	-0.018313186813186746	205.46300876660158	20.453126327591235	156.61172525374377	
511	0.0	-0.008546153846153681	205.61333894824222	19.92195762350275	152.79481354267512	
512	0.0	-0.015871428571428647	205.76060116699222	19.446389365712093	151.06883927833064	
513	0.0	-0.03052197802197791	205.90326144140627	18.927845411953967	145.911611914697	
514	0.0	-0.018313186813186746	206.04131977148438	18.38323538025179	139.34144244794834	
515	0.0	-0.003662637362637484	206.17477615722657	17.822815472674847	132.3195750646595	
516	0.0	0.0012208791208793855	206.30516458007816	17.329505462652378	129.10451638820973	
517	0.0	-0.01098791208791178	206.43095105859376	16.800200591906105	123.31997563911841	
518	0.0	0.003662637362637484	206.55366957421876	16.325762806218336	120.37159373379382	
519	0.0	-0.0012208791208793855	206.67178614550784	15.807904518465875	114.45536121392138	
520	0.0	-0.015871428571428647	206.78530077246094	15.263710364231883	107.41417059037758	
521	0.0	-0.018313186813186746	206.89574743652346	14.780241771362853	103.93510166676776	
522	0.0	-0.01098791208791178	207.00159215625	14.256906022015755	97.83740891312448	
523	0.0	-0.01098791208791178	207.10590289453125	13.862787763833694	98.44123197448062	
524	0.0	-0.018313186813186746	207.20407770703127	13.316946661143447	89.59569922897526	
525	0.0	-0.023196703296702943	207.29918455664065	12.832479143502496	85.04784943999232	
526	0.0	-0.025638461538461714	207.3896894619141	12.308537515647913	78.31744033285622	
527	0.0	-0.003662637362637484	207.47712640429688	11.83735270129364	74.71196855371068	
528	0.0	-0.0061043956043955825	207.55996140234376	11.321467440442575	68.34661124492578	
529	0.0	0.008546153846153681	207.63972843750003	10.855169059816035	64.83728817961668	
530	0.0	-0.020754945054944844	207.71489352832032	10.342247570915788	58.454270100658505	
531	0.0	-0.028080219780219812	207.78699065625003	9.87774680889379	54.88815230066268	
532	0.0	-0.020754945054944844	207.85601982128907	9.442614703084473	52.27768937181281	
533	0.0	0.0012208791208793855	207.92044704199222	8.948596515925601	45.9552610636531	
534	0.0	-0.015871428571428647	207.9802723183594	8.418862114025615	38.297016576933856	
535	0.0	-0.018313186813186746	208.03702963183596	7.944163804513664	34.218854547100875	
536	0.0	-0.0061043956043955825	208.08918500097658	7.426147501068044	27.621426542935296	
537	0.0	-0.0061043956043955825	208.13827240722657	6.958556577734271	24.00448052083857	
538	0.0	-0.015871428571428647	208.18429185058596	6.521550194300289	21.411236848121007	
539	0.0	-0.0012208791208793855	208.2257093496094	6.026395200260595	15.128395212522832	
540	0.0	-0.0061043956043955825	208.2625249042969	5.495971290123634	7.511837178373128	
541	0.0	-0.015871428571428647	208.29780647753907	5.097553844972936	7.304633861932729	
542	0.0	-0.008546153846153681	208.32848610644533	4.625804225772299	1.8689893165489764	
543	0.0	-0.01342967032967055	208.35609777246094	4.186275465712242	-1.7626882980347034	
544	0.0	0.01098791208791178	208.37910749414064	3.6895905728797516	-8.636152181876525	
545	0.0	-0.0061043956043955825	208.400583234375	3.311636876715056	-8.917245494519221	
546	0.0	-0.0061043956043955825	208.41745703027345	2.852299149017199	-14.715892214761567	
547	0.0	-0.015871428571428647	208.43126286328126	2.420298581913812	-18.760731125738516	
548	0.0	-0.018313186813186746	208.44200073339846	2.0048788413078	-22.1668903533931	
549	0.0	0.01098791208791178	208.44967064062502	1.599515880601757	-25.443481812765484	
550	0.0	-0.0012208791208793855	208.45427258496096	1.2002526654196117	-28.797856756867716	
551	0.0	0.0061043956043955825	208.45580656640627	0.804689133012289	-32.29425316156764	
552	0.0	0.0012208791208793855	208.45427258496096	0.41136957169692323	-35.934315364789114	
553	0.0	-0.025638461538461714	208.45427258496096	0.2495082644854847	-28.1915453774403	
554	0.0	-0.01098791208791178	208.45427258496096	0.151334416368627	-20.978577587882576	
555	0.0	0.0012208791208793855	208.45427258496096	0.09178896589037322	-15.077211176804212	
556	0.0	-0.008546153846153681	208.45427258496096	0.055672823551503825	-10.571994361140638	
557	0.0	0.0012208791208793855	208.45427258496096	0.03376727531394863	-7.277881453715613	
558	0.0	0.0012208791208793855	208.45427258496096	0.020480888331803726	-4.939297129613979	
559	0.0	-0.015871428571428647	208.45427258496096	0.012422287049048464	-3.314287348384739	
560	0.0	-0.01342967032967055	208.45427258496096	0.007534498163295211	-2.2033679264750363	
561	0.0	0.003662637362637484	208.45427258496096	0.004569904267555103	-1.4535622327574562	
562	0.0	0.0061043956043955825	208.45427258496096	0.002771787127130665	-0.9526863622926667	
563	0.0	-0.003662637362637484	208.45427258496096	0.0016811739187687635	-0.6209313161947368	
564	0.0	0.0012208791208793855	208.45427258496096	0.0010196835555689177	-0.4027540364026091	
565	0.0	-0.03296373626373601	208.45427258496096	0.0006184693556861021	-0.26013747816340277	
566	0.0	-0.03540549450549411	208.45427258496096	0.0003751206404558616	-0.1673977830073129	
567	0.0	-0.0061043956043955825	208.45427258496096	0.00022752217591914814	-0.10736454586889391	
568	0.0	-0.01342967032967055	208.45427258496096	0.00013799917905998882	-0.06865757502800161	
569	0.0	-0.025638461538461714	208.45427258496096	8.370073555852287e-05	-0.043788639501384626	
570	0.0	-0.0061043956043955825	208.45427258496096	5.0767066568369046e-05	-0.02786059446176891	
571	0.0	-0.0012208791208793855	208.45427258496096	3.0791783501626924e-05	-0.01768766940512858	
572	0.0	-0.01342967032967055	208.45427258496096	1.8676159015740268e-05	-0.011206887777927912	
573	0.0	-0.018313186813186746	208.45427258496096	1.1327667380101047e-05	-0.007087711909374673	
574	0.0	-0.0061043956043955825	208.45427258496096	6.870575816719793e-06	-0.004475045796724459	
575	0.0	-0.0061043956043955825	208.45427258496096	4.167217412032187e-06	-0.002821081302741633	
576	0.0	-0.015871428571428647	208.45427258496096	2.527547621866688e-06	-0.0017758672561596206	
577	0.0	-0.025638461538461714	208.45427258496096	1.5330351743614301e-06	-0.0011164181555210764	
578	0.0	-0.01342967032967055	208.45427258496096	9.298328222939745e-07	-0.0007009786554080835	
579	0.0	-0.008546153846153681	208.45427258496096	5.639722076011822e-07	-0.0004396227858419199	
580	0.0	-0.0061043956043955825	208.45427258496096	3.420645953156054e-07	-0.0002754138783180544	
581	0.0	-0.020754945054944844	208.45427258496096	2.074702933896333e-07	-0.00017236576056615794	
582	0.0	-0.0061043956043955825	208.45427258496096	1.2583404895849526e-07	-0.00010777116993273037	
583	0.0	-0.0012208791208793855	208.45427258496096	7.63193384045735e-08	-6.732318446860596e-05	
584	0.0	0.0012208791208793855	208.45427258496096	4.62914613308385e-08	-4.202015315391774e-05	
585	0.0	0.0012208791208793855	208.45427258496096	2.807792043313384e-08	-2.6206259960118854e-05	
586	0.0	0.21365384615384672	208.45427258496096	1.7031197785399854e-08	-1.633140259097975e-05	
587	0.0	-0.020754945054944844	208.45427258496096	1.0328221833333373e-08	-1.0170391537382822e-05	
588	0.0	-0.0061043956043955825	208.45427258496096	6.259142537601292e-09	-6.329464120710082e-06	
589	0.0	0.0012208791208793855	208.45427258496096	3.790773916989565e-09	-3.936548232793188e-06	
590	0.0	0.0012208791208793855	208.45427258496096	2.3010215954855084e-09	-2.4465690559146364e-06	
591	0.0	-0.015871428571428647	208.45427258496096	1.3915268937125802e-09	-1.51989052993945e-06	
592	0.0	0.0012208791208793855	208.45427258496096	8.476490620523691e-10	-9.43335727374266e-07	
593	0.0	-0.020754945054944844	208.45427258496096	5.147740012034774e-10	-5.853049592024978e-07	
594	0.0	-0.003662637362637484	208.45427258496096	3.1104718800634146e-10	-3.630549637182904e-07	
595	0.0	-0.01098791208791178	208.45427258496096	1.9281287677586079e-10	-2.2483421820933462e-07	
596	0.0	0.0012208791208793855	208.45427258496096	1.1459633242338896e-10	-1.394750533006526e-07	
597	0.0	0.0012208791208793855	208.45427258496096	6.912159733474255e-11	-8.635615044188817e-08	
598	0.0	-0.01342967032967055	208.45427258496096	4.3655745685100555e-11	-5.338806359045066e-08	
599	0.0	0.0012208791208793855	208.45427258496096	4.3655745685100555e-11	-3.238149830946442e-08	
600	0.0	-0.008546153846153681	208.45427258496096	4.3655745685100555e-11	-1.964037206536555e-08	
601	0.0	0.0012208791208793855	208.45427258496096	4.3655745685100555e-11	-1.1912488149235733e-08	
602	0.0	0.0012208791208793855	208.45427258496096	4.3655745685100555e-11	-7.225289492143867e-09	
603	0.0	0.0012208791208793855	208.45427258496096	4.3655745685100555e-11	-4.382359721267288e-09	
604	0.0	0.0012208791208793855	208.45427258496096	4.3655745685100555e-11	-2.6580356050048632e-09	
605	0.0	-0.008546153846153681	208.45427258496096	4.3655745685100555e-11	-1.6121801328144908e-09	
606	0.0	-0.0012208791208793855	208.45427258496096	4.3655745685100555e-11	-9.778367060801636e-10	
607	0.0	0.003662637362637484	208.45427258496096	4.3655745685100555e-11	-5.930879585325643e-10	
608	0.0	-0.0012208791208793855	208.45427258496096	4.3655745685100555e-11	-3.5972604052305577e-10	
609	0.0	-0.01342967032967055	208.45427258496096	4.3655745685100555e-11	-2.1818487859805417e-10	
610	0.0	-0.01098791208791178	208.45427258496096	4.3655745685100555e-11	-1.3233582194835938e-10	
611	0.0	-0.01098791208791178	208.45427258496096	4.3655745685100555e-11	-8.026573556919321e-11	
612	0.0	0.0012208791208793855	208.45427258496096	4.3655745685100555e-11	-4.8683630868879325e-11	
613	0.0	-0.008546153846153681	208.45427258496096	4.3655745685100555e-11	-2.9528115549806666e-11	
614	0.0	-0.0012208791208793855	208.45427258496096	4.3655745685100555e-11	-1.7909707890750384e-11	
615	0.0	-0.0061043956043955825	208.45427258496096	4.3655745685100555e-11	-1.0862787237165802e-11	
616	0.0	-0.025638461538461714	208.45427258496096	4.3655745685100555e-11	-6.588613688160006e-12	
617	0.0	-0.018313186813186746	208.45427258496096	4.3655745685100555e-11	-3.996196315369472e-12	
618	0.0	-0.003662637362637484	208.45427258496096	4.3655745685100555e-11	-2.4238156533099507e-12	
619	0.0	-0.008546153846153681	208.45427258496096	4.3655745685100555e-11	-1.470118547138021e-12	
620	0.0	-0.01342967032967055	208.45427258496096	4.3655745685100555e-11	-8.916719964609775e-13	
621	0.0	-0.01342967032967055	208.45427258496096	4.3655745685100555e-11	-5.408264189451415e-13	
622	0.0	-0.008546153846153681	208.45427258496096	4.3655745685100555e-11	-3.28027813578266e-13	
623	0.0	-0.0012208791208793855	208.45427258496096	4.3655745685100555e-11	-1.989589315754485e-13	
624	0.0	0.01098791208791178	208.45427258496096	4.3655745685100555e-11	-1.2067469530016698e-13	
625	0.0	0.0012208791208793855	208.45427258496096	4.3655745685100555e-11	-7.319290453834993e-14	
626	0.0	0.0012208791208793855	208.45427258496096	4.3655745685100555e-11	-4.439374188079468e-14	
627	0.0	-0.0061043956043955825	208.45427258496096	4.3655745685100555e-11	-2.6926166280720647e-14	
628	0.0	-0.03784725274725288	208.45427258496096	4.3655745685100555e-11	-1.6331545840665146e-14	
629	0.0	-0.015871428571428647	208.45427258496096	4.3655745685100555e-11	-9.90558354136015e-15	
630	0.0	-0.015871428571428647	208.45427258496096	4.3655745685100555e-11	-6.0080402830798365e-15	
631	0.0	-0.003662637362637484	208.45427258496096	4.3655745685100555e-11	-3.6440607351775436e-15	
632	0.0	-0.01098791208791178	208.45427258496096	4.3655745685100555e-11	-2.2102346212208123e-15	
633	0.0	-0.003662637362637484	208.45427258496096	4.3655745685100555e-11	-1.340575099154238e-15	
634	0.0	-0.01098791208791178	208.45427258496096	4.3655745685100555e-11	-8.130999223040376e-16	
635	0.0	-0.018313186813186746	208.45427258496096	4.3655745685100555e-11	-4.931700459421516e-16	
636	0.0	-0.025638461538461714	208.45427258496096	4.3655745685100555e-11	-2.991227609939485e-16	
637	0.0	-0.008546153846153681	208.45427258496096	4.3655745685100555e-11	-1.8142713013600514e-16	
638	0.0	0.0012208791208793855	208.45427258496096	4.3655745685100555e-11	-1.1004112025864965e-16	
639	0.0	-0.008546153846153681	208.45427258496096	4.3655745685100555e-11	-6.674331517356534e-17	
640	0.0	-0.008546153846153681	208.45427258496096	4.3655745685100555e-11	-4.048186845376545e-17	
641	0.0	-0.015871428571428647	208.45427258496096	4.3655745685100555e-11	-2.455349535793867e-17	
642	0.0	0.01342967032967055	208.45427258496096	4.3655745685100555e-11	-1.4892448492612322e-17	
643	0.0	0.003662637362637484	208.45427258496096	4.3655745685100555e-11	-9.032727503066276e-18	
644	0.0	-0.015871428571428647	208.45427258496096	4.3655745685100555e-11	-5.478625646453066e-18	
645	0.0	-0.0012208791208793855	208.45427258496096	4.3655745685100555e-11	-3.3229540926510855e-18	
646	0.0	-0.01098791208791178	208.45427258496096	4.3655745685100555e-11	-2.01547353896098e-18	
647	0.0	-0.020754945054944844	208.45427258496096	4.3655745685100555e-11	-1.2224463867196543e-18	
648	0.0	-0.01098791208791178	208.45427258496096	4.3655745685100555e-11	-7.414516138680319e-19	
649	0.0	-0.008546153846153681	208.45427258496096	4.3655745685100555e-11	-4.497132836267046e-19	
650	0.0	-0.008546153846153681	208.45427258496096	4.3655745685100555e-11	-2.72764461350586e-19	
651	0.0	-0.008546153846153681	208.45427258496096	4.3655745685100555e-11	-1.654402584136683e-19	
652	0.0	-0.028080219780219812	208.45427258496096	4.3655745685100555e-11	-1.0034445292819523e-19	
653	0.0	-0.01342967032967055	208.45427258496096	4.3655745685100555e-11	-6.086188152012039e-20	
654	0.0	-0.0061043956043955825	208.45427258496096	4.3655745685100555e-11	-3.6914589196403966e-20	
655	0.0	-0.0012208791208793855	208.45427258496096	4.3655745685100555e-11	-2.2390952001197906e-20	
656	0.0	-0.01342967032967055	208.45427258496096	4.3655745685100555e-11	-1.3580651296895608e-20	
657	0.0	-0.008546153846153681	208.45427258496096	4.3655745685100555e-11	-8.237478130109326e-21	
658	0.0	-0.023196703296702943	208.45427258496096	4.3655745685100555e-11	-4.997411670739117e-21	
659	0.0	-0.015871428571428647	208.45427258496096	4.3655745685100555e-11	-3.0316169450068464e-21	
660	0.0	0.0012208791208793855	208.45427258496096	4.3655745685100555e-11	-1.8396496823179335e-21	
661	0.0	0.003662637362637484	208.45427258496096	4.3655745685100555e-11	-1.1154530560277578e-21	
662	0.0	-0.0061043956043955825	208.45427258496096	4.3655745685100555e-11	-6.766337410683766e-22	
663	0.0	-0.0061043956043955825	208.45427258496096	4.3655745685100555e-11	-4.098679935200252e-22	
664	0.0	-0.0061043956043955825	208.45427258496096	4.3655745685100555e-11	-2.481541837659083e-22	
665	0.0	-0.0061043956043955825	208.45427258496096	4.3655745685100555e-11	-1.5054687148465104e-22	
666	0.0	0.0061043956043955825	208.45427258496096	4.3655745685100555e-11	-9.098986738083304e-23	
667	0.0	-0.0061043956043955825	208.45427258496096	4.3655745685100555e-11	-5.500751073477634e-23	
668	0.0	-0.025638461538461714	208.45427258496096	4.3655745685100555e-11	-3.432799542095065e-23	
669	0.0	-0.01342967032967055	208.45427258496096	4.3655745685100555e-11	-1.943874439499615e-23	
670	0.0	-0.020754945054944844	208.45427258496096	4.3655745685100555e-11	-1.2407709188295415e-23	
671	0.0	-0.01342967032967055	208.45427258496096	4.3655745685100555e-11	-9.926167350636332e-24	
672	0.0	-0.0061043956043955825	208.45427258496096	4.3655745685100555e-11	-9.926167350636332e-24	
673	0.0	-0.020754945054944844	208.45427258496096	4.3655745685100555e-11	-9.926167350636332e-24	
674	0.0	-0.018313186813186746	208.45427258496096	4.3655745685100555e-11	-9.926167350636332e-24	
675	0.0	-0.0061043956043955825	208.45427258496096	4.3655745685100555e-11	-9.926167350636332e-24	
676	0.0	-0.020754945054944844	208.45427258496096	4.3655745685100555e-11	-9.926167350636332e-24	
677	0.0	0.0012208791208793855	208.45427258496096	4.3655745685100555e-11	-9.926167350636332e-24	
678	0.0	-0.003662637362637484	208.45427258496096	4.3655745685100555e-11	-9.926167350636332e-24	
679	0.0	-0.008546153846153681	208.45427258496096	4.3655745685100555e-11	-9.926167350636332e-24	
680	0.0	0.003662637362637484	208.45427258496096	4.3655745685100555e-11	-9.926167350636332e-24	
681	0.0	-0.018313186813186746	208.45427258496096	4.3655745685100555e-11	-9.926167350636332e-24	
682	0.0	-0.020754945054944844	208.45427258496096	4.3655745685100555e-11	-9.926167350636332e-24	
683	0.0	-0.0012208791208793855	208.45427258496096	4.3655745685100555e-11	-9.926167350636332e-24	
684	0.0	-0.015871428571428647	208.45427258496096	4.3655745685100555e-11	-9.926167350636332e-24	
685	0.0	-0.018313186813186746	208.45427258496096	4.3655745685100555e-11	-9.926167350636332e-24	
686	0.0	-0.03052197802197791	208.45427258496096	4.3655745685100555e-11	-9.926167350636332e-24	
687	0.0	-0.020754945054944844	208.45427258496096	4.3655745685100555e-11	-9.926167350636332e-24	
688	0.0	-0.008546153846153681	208.45427258496096	4.3655745685100555e-11	-9.926167350636332e-24	
