0	0.0	-0.008546153846153681	0.0	0.0	0.0	
1	0.0	-0.023196703296702943	0.0	0.0	0.0	
2	0.0	-0.008546153846153681	0.0	0.0	0.0	
3	0.0	-0.01098791208791178	0.0	0.0	0.0	
4	0.0	-0.01098791208791178	0.0	0.0	0.0	
5	0.0	-0.025638461538461714	0.0	0.0	0.0	
6	0.0	-0.03052197802197791	0.0	0.0	0.0	
7	0.0	-0.015871428571428647	0.0	0.0	0.0	
8	0.0	-0.008546153846153681	0.0	0.0	0.0	
9	0.0	-0.008546153846153681	0.0	0.0	0.0	
10	0.0	-0.018313186813186746	0.0	0.0	0.0	
11	0.0	-0.01098791208791178	0.0	0.0	0.0	
12	0.0	-0.01098791208791178	0.0	0.0	0.0	
13	0.0	-0.01342967032967055	0.0	0.0	0.0	
14	0.0	-0.01342967032967055	0.0	0.0	0.0	
15	0.0	-0.04273076923076908	0.0	0.0	0.0	
16	0.0	-0.03784725274725288	0.0	0.0	0.0	
17	0.0	-0.023196703296702943	0.0	0.0	0.0	
18	0.0	-0.023196703296702943	0.0	0.0	0.0	
19	0.0	-0.020754945054944844	0.0	0.0	0.0	
20	0.0	-0.025638461538461714	0.0	0.0	0.0	
21	0.0	-0.01098791208791178	0.0	0.0	0.0	
22	0.0	-0.025638461538461714	0.0	0.0	0.0	
23	0.0	-0.023196703296702943	0.0	0.0	0.0	
24	0.0	-0.01342967032967055	0.0	0.0	0.0	
25	0.0	-0.028080219780219812	0.0	0.0	0.0	
26	0.0	-0.028080219780219812	0.0	0.0	0.0	
27	0.0	-0.020754945054944844	0.0	0.0	0.0	
28	0.0	-0.020754945054944844	0.0	0.0	0.0	
29	0.0	-0.018313186813186746	0.0	0.0	0.0	
30	0.0	0.0012208791208793855	0.0	0.0	0.0	
31	0.0	-0.0061043956043955825	0.0	0.0	0.0	
32	0.0	-0.023196703296702943	0.0	0.0	0.0	
33	0.0	-0.0061043956043955825	0.0	0.0	0.0	
34	0.0	-0.015871428571428647	0.0	0.0	0.0	
35	0.0	-0.025638461538461714	0.0	0.0	0.0	
36	0.0	-0.015871428571428647	0.0	0.0	0.0	
37	0.0	-0.023196703296702943	0.0	0.0	0.0	
38	0.0	-0.01342967032967055	0.0	0.0	0.0	
39	0.0	-0.0061043956043955825	0.0	0.0	0.0	
40	0.0	-0.015871428571428647	0.0	0.0	0.0	
41	0.0	-0.018313186813186746	0.0	0.0	0.0	
42	0.0	-0.01342967032967055	0.0	0.0	0.0	
43	0.0	-0.018313186813186746	0.0	0.0	0.0	
44	0.0	-0.01098791208791178	0.0	0.0	0.0	
45	0.0	-0.023196703296702943	0.0	0.0	0.0	
46	0.0	-0.003662637362637484	0.0	0.0	0.0	
47	0.0	-0.01342967032967055	0.0	0.0	0.0	
48	0.0	-0.015871428571428647	0.0	0.0	0.0	
49	0.0	-0.020754945054944844	0.0	0.0	0.0	
50	0.0	0.0061043956043955825	0.0	0.0	0.0	
51	0.0	-0.003662637362637484	0.0	0.0	0.0	
52	0.0	-0.01342967032967055	0.0	0.0	0.0	
53	0.0	-0.015871428571428647	0.0	0.0	0.0	
54	0.0	-0.015871428571428647	0.0	0.0	0.0	
55	0.0	-0.0012208791208793855	0.0	0.0	0.0	
56	0.0	-0.03052197802197791	0.0	0.0	0.0	
57	0.0	-0.03296373626373601	0.0	0.0	0.0	
58	0.0	-0.03296373626373601	0.0	0.0	0.0	
59	0.0	-0.025638461538461714	0.0	0.0	0.0	
60	0.0	-0.01098791208791178	0.0	0.0	0.0	
61	0.0	-0.003662637362637484	0.0	0.0	0.0	
62	0.0	-0.01342967032967055	0.0	0.0	0.0	
63	0.0	-0.0061043956043955825	0.0	0.0	0.0	
64	0.0	0.0012208791208793855	0.0	0.0	0.0	
65	0.0	-0.01098791208791178	0.0	0.0	0.0	
66	0.0	-0.008546153846153681	0.0	0.0	0.0	
67	0.0	-0.003662637362637484	0.0	0.0	0.0	
68	0.0	-0.018313186813186746	0.0	0.0	0.0	
69	0.0	-0.008546153846153681	0.0	0.0	0.0	
70	0.0	-0.020754945054944844	0.0	0.0	0.0	
71	0.0	0.05982307692307644	0.0	0.0	0.0	
72	0.0	-0.015871428571428647	0.0	0.0	0.0	
73	0.0	-0.015871428571428647	0.0	0.0	0.0	
74	0.0	-0.018313186813186746	0.0	0.0	0.0	
75	0.0	-0.020754945054944844	0.0	0.0	0.0	
76	0.0	0.0012208791208793855	0.0	0.0	0.0	
77	0.0	-0.015871428571428647	0.0	0.0	0.0	
78	0.0	-0.01342967032967055	0.0	0.0	0.0	
79	0.0	-0.015871428571428647	0.0	0.0	0.0	
80	0.0	-0.01098791208791178	0.0	0.0	0.0	
81	0.0	-0.015871428571428647	0.0	0.0	0.0	
82	0.0	-0.0061043956043955825	0.0	0.0	0.0	
83	0.0	-0.0012208791208793855	0.0	0.0	0.0	
84	0.0	0.0061043956043955825	0.0	0.0	0.0	
85	0.0	0.01098791208791178	0.0	0.0	0.0	
86	0.0	0.015871428571428647	0.0	0.0	0.0	
87	0.0	-0.008546153846153681	0.0	0.0	0.0	
88	0.0	-0.015871428571428647	0.0	0.0	0.0	
89	0.0	-0.01342967032967055	0.0	0.0	0.0	
90	0.0	-0.020754945054944844	0.0	0.0	0.0	
91	0.0	-0.015871428571428647	0.0	0.0	0.0	
92	0.0	0.0012208791208793855	0.0	0.0	0.0	
93	0.0	-0.0012208791208793855	0.0	0.0	0.0	
94	0.0	0.0012208791208793855	0.0	0.0	0.0	
95	0.0	0.0012208791208793855	0.0	0.0	0.0	
96	0.0	0.0061043956043955825	0.0	0.0	0.0	
97	0.0	0.01098791208791178	0.0	0.0	0.0	
98	0.0	0.0012208791208793855	0.0	0.0	0.0	
99	0.0	-0.03540549450549411	0.0	0.0	0.0	
100	0.0	-0.018313186813186746	0.0	0.0	0.0	
101	0.0	-0.0012208791208793855	0.0	0.0	0.0	
102	0.0	-0.020754945054944844	0.0	0.0	0.0	
103	0.0	0.01098791208791178	0.0	0.0	0.0	
104	0.0	0.0012208791208793855	0.0	0.0	0.0	
105	0.0	-0.01342967032967055	0.0	0.0	0.0	
106	0.0	0.0012208791208793855	0.0	0.0	0.0	
107	0.0	-0.01098791208791178	0.0	0.0	0.0	
108	0.0	0.0061043956043955825	0.0	0.0	0.0	
109	0.0	-0.015871428571428647	0.0	0.0	0.0	
110	0.0	-0.0012208791208793855	0.0	0.0	0.0	
111	0.0	-0.015871428571428647	0.0	0.0	0.0	
112	0.0	-0.01098791208791178	0.0	0.0	0.0	
113	0.0	-0.023196703296702943	0.0	0.0	0.0	
114	0.0	-0.015871428571428647	0.0	0.0	0.0	
115	0.0	-0.01098791208791178	0.0	0.0	0.0	
116	0.0	0.003662637362637484	0.0	0.0	0.0	
117	0.0	-0.018313186813186746	0.0	0.0	0.0	
118	0.0	-0.015871428571428647	0.0	0.0	0.0	
119	0.0	-0.01098791208791178	0.0	0.0	0.0	
120	0.0	-0.008546153846153681	0.0	0.0	0.0	
121	0.0	-0.008546153846153681	0.0	0.0	0.0	
122	0.0	-0.018313186813186746	0.0	0.0	0.0	
123	0.0	-0.01342967032967055	0.0	0.0	0.0	
124	0.0	-0.008546153846153681	0.0	0.0	0.0	
125	0.0	-0.01098791208791178	0.0	0.0	0.0	
126	0.0	-0.008546153846153681	0.0	0.0	0.0	
127	0.0	0.01342967032967055	0.0	0.0	0.0	
128	0.0	-0.0061043956043955825	0.0	0.0	0.0	
129	0.0	-0.025638461538461714	0.0	0.0	0.0	
130	0.0	-0.023196703296702943	0.0	0.0	0.0	
131	0.0	-0.01342967032967055	0.0	0.0	0.0	
132	0.0	-0.015871428571428647	0.0	0.0	0.0	
133	0.0	-0.01098791208791178	0.0	0.0	0.0	
134	0.0	-0.020754945054944844	0.0	0.0	0.0	
135	0.0	-0.01342967032967055	0.0	0.0	0.0	
136	0.0	-0.008546153846153681	0.0	0.0	0.0	
137	0.0	0.0012208791208793855	0.0	0.0	0.0	
138	0.0	-0.0061043956043955825	0.0	0.0	0.0	
139	0.0	-0.008546153846153681	0.0	0.0	0.0	
140	0.0	-0.008546153846153681	0.0	0.0	0.0	
141	0.0	-0.0012208791208793855	0.0	0.0	0.0	
142	0.0	-0.01098791208791178	0.0	0.0	0.0	
143	0.0	-0.015871428571428647	0.0	0.0	0.0	
144	0.0	-0.01342967032967055	0.0	0.0	0.0	
145	0.0	-0.020754945054944844	0.0	0.0	0.0	
146	0.0	0.0012208791208793855	0.0	0.0	0.0	
147	0.0	-0.008546153846153681	0.0	0.0	0.0	
148	0.0	0.0061043956043955825	0.0	0.0	0.0	
149	0.0	0.0012208791208793855	0.0	0.0	0.0	
150	0.0	-0.01098791208791178	0.0	0.0	0.0	
151	0.0	-0.01342967032967055	0.0	0.0	0.0	
152	0.0	0.0012208791208793855	0.0	0.0	0.0	
153	0.0	-0.008546153846153681	0.0	0.0	0.0	
154	0.0	-0.015871428571428647	0.0	0.0	0.0	
155	0.0	-0.015871428571428647	0.0	0.0	0.0	
156	0.0	-0.025638461538461714	0.0	0.0	0.0	
157	0.0	-0.1257505494505498	0.0	0.0	0.0	
158	0.0	-0.025638461538461714	0.0	0.0	0.0	
159	0.0	0.0061043956043955825	0.0	0.0	0.0	
160	0.0	0.0012208791208793855	0.0	0.0	0.0	
161	0.0	0.0012208791208793855	0.0	0.0	0.0	
162	0.0	-0.0061043956043955825	0.0	0.0	0.0	
163	0.0	-0.0061043956043955825	0.0	0.0	0.0	
164	0.0	-0.0061043956043955825	0.0	0.0	0.0	
165	0.0	-0.0061043956043955825	0.0	0.0	0.0	
166	0.0	-0.03052197802197791	0.0	0.0	0.0	
167	0.0	0.0012208791208793855	0.0	0.0	0.0	
168	0.0	-0.0061043956043955825	0.0	0.0	0.0	
169	0.0	0.003662637362637484	0.0	0.0	0.0	
170	0.0	-0.003662637362637484	0.0	0.0	0.0	
171	0.0	-0.03052197802197791	0.0	0.0	0.0	
172	0.0	-0.0061043956043955825	0.0	0.0	0.0	
173	0.0	-0.015871428571428647	0.0	0.0	0.0	
174	0.0	-0.01098791208791178	0.0	0.0	0.0	
175	0.0	-0.023196703296702943	0.0	0.0	0.0	
176	0.0	-0.03296373626373601	0.0	0.0	0.0	
177	0.0	-0.015871428571428647	0.0	0.0	0.0	
178	0.0	-0.008546153846153681	0.0	0.0	0.0	
179	0.0	-0.0061043956043955825	0.0	0.0	0.0	
180	0.0	-0.008546153846153681	0.0	0.0	0.0	
181	0.0	-0.01098791208791178	0.0	0.0	0.0	
182	0.0	0.003662637362637484	0.0	0.0	0.0	
183	0.0	0.0012208791208793855	0.0	0.0	0.0	
184	0.0	-0.008546153846153681	0.0	0.0	0.0	
185	0.0	-0.008546153846153681	0.0	0.0	0.0	
186	0.0	-0.015871428571428647	0.0	0.0	0.0	
187	0.0	-0.020754945054944844	0.0	0.0	0.0	
188	0.0	-0.003662637362637484	0.0	0.0	0.0	
189	0.0	-0.01098791208791178	0.0	0.0	0.0	
190	0.0	-0.01098791208791178	0.0	0.0	0.0	
191	0.0	0.008546153846153681	0.0	0.0	0.0	
192	0.0	-0.01098791208791178	0.0	0.0	0.0	
193	0.0	-0.015871428571428647	0.0	0.0	0.0	
194	0.0	-0.015871428571428647	0.0	0.0	0.0	
195	0.0	0.01098791208791178	0.0	0.0	0.0	
196	0.0	-0.0012208791208793855	0.0	0.0	0.0	
197	0.0	-0.015871428571428647	0.0	0.0	0.0	
198	0.0	-0.03052197802197791	0.0	0.0	0.0	
199	0.0	-0.015871428571428647	0.0	0.0	0.0	
200	50.0	-0.003662637362637484	0.0	0.0	0.0	
201	50.0	-0.008546153846153681	0.016873795898437502	0.8436897949218751	42.18448974609375	
202	50.0	-0.0061043956043955825	0.073631109375	3.3495894156283748	154.36115286983872	
203	50.0	0.0061043956043955825	0.16873795898437502	6.786971213655674	279.3099850591375	
204	50.0	-0.0012208791208793855	0.30526230761718753	10.942723671074358	405.19205749129924	
205	50.0	0.775258241758241	0.4801361923828125	15.38079182575042	512.8004989668993	
206	50.0	1.3979065934065924	0.6948935947265625	20.066792183445898	608.7707213849782	
207	50.0	1.8618406593406593	0.9495345146484376	24.903171027885577	693.8269721998031	
208	50.0	2.1817109890109885	1.2425249707031252	29.754059965307526	766.0904140042784	
209	50.0	2.447862637362638	1.5753989443359375	34.690448791503066	834.2039645796207	
210	50.0	2.626110989010988	1.9466224541015626	39.60199685078418	894.636109196631	
211	50.0	2.7481989010989007	2.3561955	44.498478222911814	950.7954882267722	
212	50.0	2.838543956043955	2.805652063476563	49.46252025935814	1008.4325255538806	
213	50.0	2.928889010989011	3.293458163085938	54.39084083895116	1062.0803707776709	
214	50.0	2.970398901098902	3.818079817382813	59.220796186899264	1110.0291188462452	
215	50.0	3.0167923076923078	4.382584989257813	64.14448814891637	1163.7205528442034	
216	50.0	3.029001098901099	4.985439697265625	69.04833517058199	1215.6026616514841	
217	50.0	3.0705109890109887	5.6251099599609375	73.86344655489168	1262.8609695413552	
218	50.0	3.068069230769231	6.304663740234376	78.77813519760613	1316.3644354038584	
219	50.0	3.0778362637362635	7.024101038085938	83.75322050219285	1372.1074797047136	
220	50.0	3.0851615384615387	7.781887872070313	88.6882391626782	1424.434851091682	
221	50.0	3.0851615384615387	8.578024242187501	93.59895617442481	1475.313498129212	
222	50.0	3.0802780219780224	9.412510148437502	98.49493349072924	1525.691309559198	
223	50.0	3.0876032967032963	10.286879572265626	103.45866980185633	1579.8294862161233	
224	50.0	3.116904395604396	11.199598532226563	108.38680494966513	1631.3599187569675	
225	50.0	3.102253846153846	12.152201009765626	113.37004597207869	1685.697181537375	
226	50.0	3.0900450549450547	13.1431530234375	118.31001132561244	1737.0450921272395	
227	50.0	3.126671428571428	14.172454573242188	123.22372865843818	1787.2527512738634	
228	50.0	3.1120208791208785	15.238571677734376	128.04482668925016	1833.341983122491	
229	50.0	3.114462637362637	16.343038318359376	132.88644734444983	1882.208330046973	
230	50.0	3.0900450549450547	17.485854495117188	137.7405156008964	1932.4399813924192	
231	50.0	3.102253846153846	18.667020208007813	142.60213370934434	1983.306187167499	
232	50.0	3.1120208791208785	19.888069438476563	147.54503010689768	2038.2748325557423	
233	50.0	3.08271978021978	21.147468205078127	152.4605252078345	2090.633004370352	
234	50.0	3.08271978021978	22.445216507812503	157.35940058180665	2141.833899670971	
235	50.0	3.1046956043956047	23.779780365234377	162.17149650927922	2188.7563335567866	
236	50.0	3.102253846153846	25.152693758789063	167.00765711265308	2238.2680144901533	
237	50.0	3.1242296703296697	26.56549066992188	171.93511275243895	2292.8109312779516	
238	50.0	3.1046956043956047	28.013569154296878	176.6878444155957	2337.481062823148	
239	50.0	3.126671428571428	29.501531156250003	181.56469784385877	2390.384646746482	
240	50.0	3.121787912087912	31.02784269433594	186.4401358579753	2442.5171807567294	
241	50.0	3.0998120879120874	32.594037750000005	191.3914144522587	2498.039010869492	
242	50.0	3.0998120879120874	34.19551437890625	196.15859546811498	2542.932466318777	
243	50.0	3.0851615384615387	35.835340543945314	200.96751379977536	2591.911880119442	
244	50.0	3.0998120879120874	37.51351624511719	205.80174709381322	2642.7205901001	
245	50.0	3.0998120879120874	39.230041482421875	210.6513346890988	2694.245208422093	
246	50.0	3.0998120879120874	40.98338227441407	215.43353606683854	2742.130353378612	
247	50.0	3.114462637362637	42.77507260253907	220.25156470874822	2792.6907708546005	
248	50.0	3.1242296703296697	44.60664644824219	225.16802275768714	2848.1517077811695	
249	50.0	3.107137362637362	46.475035848632814	229.99078311689755	2897.3845990565023	
250	50.0	3.126671428571428	48.38024080371094	234.75671295299844	2944.2968711242156	
251	50.0	3.126671428571428	50.32226131347657	239.48817333349098	2990.685259795904	
252	50.0	3.102253846153846	52.30416534082032	244.3521250762965	3044.9617611368667	
253	50.0	3.094928571428571	54.322884922851564	249.14303875014275	3094.2926630873044	
254	50.0	3.0900450549450547	56.37995404101563	253.96635166690294	3145.5945112555128	
255	50.0	3.09737032967033	58.47537269531251	258.8093157183762	3197.588031183099	
256	50.0	3.107137362637362	60.60607292285157	263.5108006413384	3242.0256135311774	
257	50.0	3.09737032967033	62.77665666796876	268.3565713496205	3295.584971754346	
258	50.0	3.0998120879120874	64.98558994921875	273.2131567405695	3348.5985502968742	
259	50.0	3.102253846153846	67.22980480371095	277.92290342377873	3393.4430347455655	
260	50.0	3.126671428571428	69.51236919433595	282.6969860708232	3443.2857779540755	
261	50.0	3.126671428571428	71.83328312109376	287.5100904535143	3495.1597748989807	
262	50.0	3.126671428571428	74.19101260253908	292.27016364364954	3543.8240968959526	
263	50.0	3.109579120879121	76.58862560156251	297.15146993323424	3599.0361283200928	
264	50.0	3.114462637362637	79.02152017382814	301.8762105998085	3644.829662919923	
265	50.0	3.1046956043956047	81.49123030078125	306.5826884854546	3691.1799429134226	
266	50.0	3.0998120879120874	84.0008239453125	311.43148757877043	3745.821776626739	
267	50.0	3.116904395604396	86.54569916308594	316.13651163361055	3791.774914945492	
268	50.0	3.126671428571428	89.13045789843751	320.9844289339426	3846.1984752954177	
269	50.0	3.102253846153846	91.75203218847658	325.76561722655333	3895.8678885114314	
270	50.0	3.107137362637362	94.41042203320313	330.50633232899145	3943.691318011026	
271	50.0	3.114462637362637	97.1056274326172	335.2224992000247	3991.0244090927754	
272	50.0	3.1193461538461533	99.83918236816407	340.0004758879313	4042.27674269857	
273	50.0	3.114462637362637	102.61108683984376	344.8159421258615	4094.945152009983	
274	50.0	3.1120208791208785	105.41673890332032	349.4240497091205	4136.384678364142	
275	50.0	3.114462637362637	108.26380846582032	354.289883268676	4193.412477762842	
276	50.0	3.1046956043956047	111.14615960156252	359.00523924984464	4240.547912881708	
277	50.0	3.116904395604396	114.06686027343751	363.78272410817044	4291.69297040271	
278	50.0	3.0656274725274724	117.02437650000002	368.5211929641091	4340.469007197669	
279	50.0	3.094928571428571	120.02024226269532	373.3126964899984	4392.249763754819	
280	50.0	3.1046956043956047	123.05138959863282	377.9829690255874	4437.358445208372	
281	50.0	3.1315549450549445	126.12088647070314	382.7331093911798	4487.975205480336	
282	50.0	3.0119087912087914	129.22873287890627	387.53169204571714	4540.690939959535	
283	50.0	3.107137362637362	132.37186086035157	392.2062582899889	4586.256642634469	
284	50.0	3.107137362637362	135.5533383779297	396.95900292161696	4637.083838513448	
285	50.0	3.1120208791208785	138.77163145019531	401.6824660711218	4686.051761960287	
286	50.0	3.1242296703296697	142.02827405859375	406.46486817574987	4738.182223569089	
287	50.0	3.0900450549450547	145.3217322216797	411.2063194924076	4787.479481160139	
288	50.0	3.102253846153846	148.6504719580078	415.8462338276813	4831.8600933698	
289	50.0	3.109579120879121	152.01909521191408	420.65466008577823	4886.342242855331	
290	50.0	3.09737032967033	155.4214660576172	425.25849770531204	4928.991321118681	
291	50.0	3.107137362637362	158.86372042089846	430.04504232861836	4982.984189820854	
292	50.0	3.09737032967033	162.3427903388672	434.7890062099341	5033.346643476936	
293	50.0	3.121787912087912	165.85714183007815	439.4304444927493	5078.334262547854	
294	50.0	3.109579120879121	169.4098428574219	444.16309599951455	5129.325931229614	
295	50.0	3.1193461538461533	173.00089342089845	448.9510711246767	5182.540988975099	
296	50.0	3.102253846153846	176.6272255576172	453.6192035769818	5228.574480302937	
297	50.0	3.1046956043956047	180.29037324902345	458.2913468441566	5275.950488130795	
298	50.0	3.102253846153846	183.99187047656253	463.04262186584856	5327.913363872587	
299	50.0	3.094928571428571	187.72864927734378	467.68849457958277	5373.758008972287	
300	50.0	3.107137362637362	191.50377761425784	472.42383570473066	5425.200540392871	
301	50.0	3.0900450549450547	195.3157215058594	477.13674309368616	5474.812286415294	
302	50.0	3.0729527472527476	199.16294697070313	481.75934466118997	5519.827467773692	
303	50.0	3.114462637362637	203.05005595312502	486.5572701945457	5574.963694734204	
304	50.0	3.1120208791208785	206.97091252734376	491.1547388023937	5618.172764147046	
305	50.0	3.1120208791208785	210.93165261914064	495.9374204247397	5672.604314801836	
306	50.0	3.1046956043956047	214.92767428417972	500.6023422052058	5719.457953724908	
307	50.0	3.116904395604396	218.96051150390628	505.27253810141883	5767.381328147523	
308	50.0	3.0851615384615387	223.03169825976565	510.022631982878	5819.706477695374	
309	50.0	3.094928571428571	227.1381665888672	514.667788298826	5865.78921822046	
310	50.0	3.09737032967033	231.28145047265627	519.3259958344788	5913.552347294135	
311	50.0	3.0876032967032963	235.46461787402345	524.1455174797666	5969.801660702848	
312	50.0	3.0900450549450547	239.6815328671875	528.7560847919976	6013.350058743785	
313	50.0	3.102253846153846	243.9367973964844	533.4700121080987	6063.948800586248	
314	50.0	3.114462637362637	248.22887748046878	538.1699313649733	6113.381720212594	
315	50.0	3.1120208791208785	252.55777311914065	542.8613543042138	6162.3253406499025	
316	50.0	3.114462637362637	256.9219503310547	547.4709248938998	6207.269339586244	
317	50.0	3.1120208791208785	261.32294309765626	552.1075485949441	6254.895100355749	
318	50.0	3.1315549450549445	265.7622854003906	556.8372799101671	6307.561743612256	
319	50.0	3.109579120879121	270.2369092763672	561.4700857050575	6354.1682229082	
320	50.0	3.114462637362637	274.74834870703125	566.1208022708106	6402.441050721056	
321	50.0	3.107137362637362	279.29813767382814	570.8590813407991	6455.281033622257	
322	50.0	3.175506593406593	283.8832082138672	575.4970716111638	6501.859741866363	
323	50.0	3.1046956043956047	288.50509430859375	580.1509327203403	6550.035113594942	
324	50.0	3.1242296703296697	293.16226197656255	584.7377209078386	6595.09718545909	
325	50.0	3.126671428571428	297.8531772363281	589.207128238535	6635.478891628023	
326	50.0	3.116904395604396	302.56250027343754	592.8383497561535	6636.497401365519	
327	50.0	3.102253846153846	307.27642525488284	595.2708942153877	6592.159080333076	
328	50.0	3.08271978021978	311.98881625488286	596.6696079788089	6523.6085601416635	
329	50.0	2.848310989010989	316.6966053105469	597.2878735667218	6448.777461587259	
330	50.0	2.4234450549450557	321.3951904775391	597.2026761782308	6370.767128817624	
331	50.0	1.8740494505494505	326.0830377744141	596.6141078427154	6297.931506152458	
332	50.0	1.3466296703296703	330.7616811826172	595.7969286586049	6239.896244272633	
333	50.0	0.9046714285714282	335.4295867207031	594.7643909096387	6190.557513519725	
334	50.0	0.5701505494505493	340.0852204072266	593.5245325124706	6146.00709757816	
335	50.0	0.2917901098901099	344.7301162236328	592.2356268546027	6111.419471067184	
336	50.0	0.0720318681318676	349.3658081513672	590.993671600816	6087.472158954664	
337	50.0	-0.08424065934065944	353.9892282275391	589.6267950628207	6061.578596817235	
338	50.0	-0.19900329670329678	358.60344441503906	588.3375480783798	6044.1168508198825	
339	50.0	-0.2869065934065937	363.2069227324219	587.0186867272932	6026.727264182329	
340	50.0	-0.3332999999999996	367.8027311425782	585.8352614988944	6017.511817886334	
341	50.0	-0.3870186813186811	372.3893356640625	584.6572833613063	6007.313423041047	
342	50.0	-0.38946043956043924	376.96520231542974	583.4059099791339	5992.599190705729	
343	50.0	-0.399227472527473	381.5349330410157	582.3401173464299	5987.792029223703	
344	50.0	-0.3870186813186811	386.0954598779297	581.23348698665	5978.438355053142	
345	50.0	-0.37969340659340617	390.64985078906255	580.2554854371956	5974.631964120057	
346	50.0	-0.38946043956043924	395.1950378115235	579.2021030625074	5964.520246775952	
347	50.0	-0.34550879120879074	399.73408890820315	578.2563980494415	5959.426140034357	
348	50.0	-0.3723681318681319	404.2670040791016	577.3760026593518	5955.701120152145	
349	50.0	-0.30644065934065917	408.79224934277346	576.4585204867581	5947.956057127027	
350	50.0	-0.30155714285714297	413.3113586806641	575.5952431151818	5942.184321173503	
351	50.0	-0.2600472527472526	417.8243320927735	574.7648426181913	5936.766651965245	
352	50.0	-0.2527219780219783	422.3327035605469	574.0310820264531	5934.887494557166	
353	50.0	-0.2283043956043953	426.8349391025391	573.2792374295277	5929.816970197593	
354	50.0	-0.21365384615384606	431.33103871875005	572.5164243287072	5923.0919674774705	
355	50.0	-0.22097912087912036	435.82407037207037	571.9003566383435	5923.203926581256	
356	50.0	-0.18679450549450563	440.3109660996094	571.2198963964802	5917.511098494539	
357	50.0	-0.15260989010989023	444.7917259013672	570.500380096797	5909.29871230336	
358	50.0	-0.15260989010989023	449.2694177402344	569.910573244495	5907.835316762048	
359	50.0	-0.11842527472527484	453.74404161621095	569.3994391510241	5908.448571895511	
360	50.0	-0.1355175824175822	458.2140635478516	568.8593234268992	5905.263163048152	
361	50.0	-0.08912417582417631	462.6794835351563	568.3016294547269	5900.224375966922	
362	50.0	-0.05982307692307644	467.14336954101566	567.8866718804238	5902.004685064694	
363	50.0	-0.05738131868131834	471.6026536025391	567.4048901655005	5898.031706026639	
364	50.0	-0.028080219780219812	476.0588697011719	566.9592766316418	5895.443166414687	
365	50.0	-0.003662637362637484	480.5135518183594	566.6122992813725	5896.966915554687	
366	50.0	0.01098791208791178	484.963631991211	566.1717496576966	5891.781317828525	
367	50.0	0.0061043956043955825	489.4106442011719	565.751144652022	5887.816180490081	
368	50.0	0.03296373626373601	493.85612242968756	565.4193357412623	5888.116129639839	
369	50.0	0.01342967032967055	498.30006667675787	565.1413843859882	5889.622316698733	
370	50.0	0.052497802197802146	502.7394089794922	564.7427011457366	5883.352799402011	
371	50.0	0.03540549450549411	507.1772173007813	564.4241884581788	5881.914215465706	
372	50.0	0.04028901098901098	511.61349164062506	564.1543016701544	5882.159189285514	
373	50.0	0.0720318681318676	516.0482319990235	563.9139079818597	5882.669220792774	
374	50.0	0.0988912087912087	520.4783704130859	563.538004618742	5875.21152998913	
375	50.0	0.1037747252747249	524.9069748457032	563.2333086254803	5872.698083860636	
376	50.0	0.1086582417582411	529.3355792783203	563.0485011586497	5875.911242137743	
377	50.0	0.1086582417582411	533.7595817666016	562.7063125440545	5869.228784631683	
378	50.0	0.11598351648351607	538.1835842548828	562.4987646522532	5870.4962728467035	
379	50.0	0.12330879120879103	542.6060527617188	562.2961814168266	5870.657199068366	
380	50.0	0.1355175824175822	547.0254533056641	562.0199103255181	5866.234813703879	
381	50.0	0.12330879120879103	551.443319868164	561.7756443614417	5864.01321659629	
382	50.0	0.1428428571428565	555.8611864306641	561.6274895610914	5866.463779113274	
383	50.0	0.15016813186813147	560.2775190117188	561.4609300575758	5866.418788126812	
384	50.0	0.16970219780219825	564.6907836298828	561.2065084647438	5861.311383818967	
385	50.0	0.1574934065934071	569.104048248047	561.0521939640239	5862.1695230307305	
386	50.0	0.17946923076923132	573.5157788847657	560.8818984132995	5861.254454074497	
387	50.0	0.20632857142857175	577.9259755400391	560.7019098654964	5859.512365247894	
388	50.0	0.16481868131868208	582.3361721953125	560.5927412898782	5861.2543310582805	
389	50.0	0.18435274725274753	586.7448348691406	560.4498281276319	5860.173367546235	
390	50.0	0.1892362637362644	591.1534975429688	560.3631469107204	5861.739850407266	
391	50.0	0.1941197802197806	595.5575582724609	560.0804748768096	5852.532893658117	
392	50.0	0.20877032967032985	599.9662209462891	560.1391228337416	5862.848648313782	
393	50.0	0.21609560439560482	604.3718156572266	560.021296474184	5860.523660576862	
394	50.0	0.22342087912087913	608.7758763867188	559.8731321003834	5857.110582658461	
395	50.0	0.20144505494505557	613.179937116211	559.7832658625412	5857.344216342226	
396	50.0	0.228304395604396	617.5855318271485	559.8054583048215	5862.718183214663	
397	50.0	0.2258626373626379	621.9880585751954	559.6655205573079	5857.962687111489	
398	50.0	0.2771395604395607	626.3921193046875	559.6573430929348	5861.089142880577	
399	50.0	0.228304395604396	630.7946460527344	559.575684137686	5859.277629912136	
400	0.0	0.1916780219780225	635.1987067822266	559.6028545485933	5863.2835396529845	
401	0.0	0.25028021978022025	639.5981655673829	559.3892370195063	5853.785920152644	
402	0.0	0.24295494505494525	643.9960903710938	559.1829723628798	5847.51185355823	
403	0.0	0.2698142857142857	648.3878792490235	558.7510702321597	5831.573781904866	
404	0.0	0.2698142857142857	652.7766001640625	558.3357101962465	5820.952481618042	
405	0.0	0.18191098901098943	657.1607191347657	557.8536843759975	5809.463803826846	
406	0.0	0.12819230769230722	661.5433041240235	557.4846218570528	5806.155511513713	
407	0.0	0.09400769230769183	665.9197531875001	556.953977828809	5794.547575471173	
408	0.0	0.05982307692307644	670.2916003066407	556.4020287307576	5784.25299428685	
409	0.0	0.047614285714285276	674.6603794628907	555.9138565265675	5778.921223834244	
410	0.0	0.028080219780219812	679.0260906562501	555.4643669649304	5775.607899638104	
411	0.0	0.018313186813186746	683.3856659238281	554.8849414681245	5765.247451224288	
412	0.0	0.003662637362637484	687.743707209961	554.4568030574737	5764.137907421042	
413	0.0	-0.0061043956043955825	692.0956125703126	553.8903276886922	5754.782135805046	
414	0.0	0.023196703296702943	696.4444499677735	553.3933448557218	5750.245647442607	
415	0.0	0.003662637362637484	700.7886854208984	552.8618123051638	5743.7167268409285	
416	0.0	0.015871428571428647	705.1313868925782	552.4627224356154	5744.186446960717	
417	0.0	0.008546153846153681	709.4679524384766	551.9138658981028	5735.3368789862725	
418	0.0	0.01098791208791178	713.8014500214845	551.4275694267708	5730.83346793726	
419	0.0	-0.003662637362637484	718.1318796416016	550.9792175546318	5727.993403836543	
420	0.0	0.0012208791208793855	722.4561733359376	550.4004821014169	5717.90231254424	
421	0.0	0.003662637362637484	726.7773990673828	549.8960631511218	5713.110459173076	
422	0.0	-0.015871428571428647	731.0940228544922	549.3600203673195	5706.542274157102	
423	0.0	-0.020754945054944844	735.407578678711	548.8814958306612	5703.22335405957	
424	0.0	-0.0012208791208793855	739.7165325585938	548.3611588030835	5697.1459226105835	
425	0.0	-0.015871428571428647	744.022418475586	547.8921602893679	5693.880454799393	
426	0.0	0.0012208791208793855	748.3252364296876	547.454300159181	5691.522279707868	
427	0.0	0.01098791208791178	752.6219184580078	546.881928269293	5681.5603354560335	
428	0.0	-0.015871428571428647	756.9170665048829	546.458068087617	5680.582821912907	
429	0.0	0.003662637362637484	761.2060786259766	545.894187595979	5671.240609607379	
430	0.0	0.0012208791208793855	765.4920227841798	545.3987786355647	5666.671998297086	
431	0.0	0.0012208791208793855	769.7748989794923	544.9448997592845	5663.934076012738	
432	0.0	0.01098791208791178	774.0531732304688	544.4395110807454	5657.8258284581825	
433	0.0	-0.020754945054944844	778.3268455371094	543.9028801270324	5650.474288046196	
434	0.0	0.01098791208791178	782.5974498808595	543.4239988472764	5646.689384174853	
435	0.0	-0.01342967032967055	786.8649862617189	542.9801445163248	5644.169819792845	
436	0.0	-0.018313186813186746	791.1263867167969	542.4041369597835	5634.20319028724	
437	0.0	-0.0061043956043955825	795.3847192089844	541.9013725625118	5629.444411437264	
438	0.0	0.0061043956043955825	799.6399837382813	541.4430323881243	5626.7055145215345	
439	0.0	0.0061043956043955825	803.8906463232422	540.9349377954495	5620.666043412999	
440	0.0	-0.008546153846153681	808.1367069638673	540.396665621789	5613.398291594782	
441	0.0	-0.0061043956043955825	812.3796996416016	539.9167888918018	5609.689726987806	
442	0.0	-0.008546153846153681	816.6180903750001	539.3956317174743	5603.3969891000925	
443	0.0	0.0012208791208793855	820.8534131455078	538.9261357596042	5600.013683582547	
444	0.0	0.003662637362637484	825.085667953125	538.4879739142998	5597.591770940806	
445	0.0	-0.020754945054944844	829.311786834961	537.9154190249174	5587.595859200235	
446	0.0	-0.0012208791208793855	833.5348377539063	537.4147487761657	5582.765635132251	
447	0.0	-0.020754945054944844	837.754820709961	536.9576787671176	5579.950843118597	
448	0.0	-0.020754945054944844	841.9702017216798	536.4503545686675	5573.845589826626	
449	0.0	-0.03784725274725288	846.1809807890626	535.912549662753	5566.525960433188	
450	0.0	-0.015871428571428647	850.390225875	535.5096554172269	5566.613618670242	
451	0.0	0.008546153846153681	854.5933350351563	534.9584914090301	5557.591471719985	
452	0.0	-0.01098791208791178	858.7918422509766	534.3940963136483	5549.184310887707	
453	0.0	-0.0012208791208793855	862.9888154853517	533.9750743025506	5549.025792036129	
454	0.0	-0.008546153846153681	867.1811867753906	533.490827382011	5543.940051263322	
455	0.0	0.0012208791208793855	871.3689561210938	532.9670195530853	5536.879964766686	
456	0.0	0.0012208791208793855	875.5536575039064	532.4959158918937	5533.072453132503	
457	0.0	-0.020754945054944844	879.7337569423829	531.9800798529031	5526.58329062297	
458	0.0	-0.01098791208791178	883.9092544365235	531.4371122545781	5519.163156954164	
459	0.0	-0.008546153846153681	888.0832179492188	531.0310866777654	5519.270129656765	
460	0.0	-0.018313186813186746	892.2510455361329	530.4780234210266	5510.308385793138	
461	0.0	-0.01098791208791178	896.4158051601563	529.9891754454511	5505.802345833341	
462	0.0	-0.0012208791208793855	900.5759628398438	529.4625769354534	5499.165406294611	
463	0.0	-0.0061043956043955825	904.7330525566407	528.9897806405934	5495.6579378608585	
464	0.0	0.0012208791208793855	908.8855403291017	528.4729179673668	5489.377079087179	
465	0.0	-0.015871428571428647	913.0364941201173	528.0827258284189	5489.769158125149	
466	0.0	-0.01342967032967055	917.1813119853516	527.5392660374782	5480.734149904914	
467	0.0	0.05493956043956024	921.3230618876954	527.0562428584817	5476.03435101861	
468	0.0	-0.0012208791208793855	925.4617438271486	526.6098763385817	5473.024276081884	
469	0.0	-0.020754945054944844	929.5942898408204	526.0323450623691	5462.7991982641615	
470	0.0	-0.018313186813186746	933.725301873047	525.6053555546459	5461.7423081272245	
471	0.0	-0.015871428571428647	937.8517119609376	525.1162761029918	5456.235562188907	
472	0.0	-0.0988912087912087	941.9735201044923	524.5895371956794	5448.99526294024	
473	0.0	-0.130634065934066	946.0922602851564	524.1166557455144	5445.124021334679	
474	0.0	0.0012208791208793855	950.2079325029298	523.6764404952701	5442.458800645381	
475	0.0	-0.015871428571428647	954.317468794922	523.1026401527997	5432.347242981043	
476	0.0	0.0012208791208793855	958.4254711054688	522.6779135708348	5431.301194960077	
477	0.0	-0.01342967032967055	962.5288714716797	522.1902066530893	5425.765839441632	
478	0.0	-0.01342967032967055	966.6276698935548	521.6643002297133	5418.486846424992	
479	0.0	-0.028080219780219812	970.7234003525391	521.1919237065886	5414.579191781282	
480	0.0	-0.020754945054944844	974.8160628486329	520.7520147100731	5411.884034484909	
481	0.0	-0.01098791208791178	978.9041234003907	520.2550991921526	5405.584511102214	
482	0.0	-0.018313186813186746	982.9875820078125	519.7236074702741	5397.985209014445	
483	0.0	-0.01098791208791178	987.0679726523439	519.2478432922944	5393.970121479149	
484	0.0	-0.0061043956043955825	991.1452953339844	518.8058795791876	5391.26247662137	
485	0.0	0.0720318681318676	995.2180160712892	518.3077178126478	5384.9873274160345	
486	0.0	-0.008546153846153681	999.2861348642579	517.7754702027378	5377.422186616506	
487	0.0	0.008546153846153681	1003.351185694336	517.2992475554493	5373.439572059895	
488	0.0	0.04273076923076908	1007.4131685615235	516.857005766673	5370.758751683723	
489	0.0	-0.023196703296702943	1011.470549484375	516.3586753386771	5364.50419607585	
490	0.0	-0.023196703296702943	1015.5233284628907	515.8263254304475	5356.954168400112	
491	0.0	-0.0012208791208793855	1019.574573459961	515.4267398083393	5356.8172646398525	
492	0.0	-0.018313186813186746	1023.6196825312501	514.8775825817429	5347.60746900587	
493	0.0	0.0012208791208793855	1027.6632576210939	514.4678028054841	5346.725197780539	
494	0.0	0.0012208791208793855	1031.7006967851564	513.9124625116601	5337.221820221854	
495	0.0	0.0012208791208793855	1035.7350679863282	513.4222334431834	5332.422667878389	
496	0.0	-0.0012208791208793855	1039.7663712246094	512.9714963302831	5329.464374564595	
497	0.0	0.0012208791208793855	1043.7946065	512.5447122998812	5327.008568355253	
498	0.0	-0.020754945054944844	1047.8167058496094	511.9790584042785	5316.815188378034	
499	0.0	-0.008546153846153681	1051.8372712177736	511.55927289222745	5315.59284558483	
500	0.0	-0.025638461538461714	1055.8517006601564	510.99786381271406	5306.038780827668	
501	0.0	-0.018313186813186746	1059.8630621396485	510.5039538395431	5301.303247147585	
502	0.0	0.0012208791208793855	1063.8728896376954	510.12768321723706	5302.27572756568	
503	0.0	0.05982307692307644	1067.876581209961	509.5926672532805	5293.376288471078	
504	0.0	-0.008546153846153681	1071.8787388007813	509.19146458657633	5292.462379112094	
505	0.0	0.01098791208791178	1075.8762944472658	508.7180256450665	5286.641402373865	
506	0.0	-0.03052197802197791	1079.8692481494143	508.2007731869671	5278.967322194545	
507	0.0	-0.018313186813186746	1083.859133888672	507.73364555926673	5274.685476763505	
508	0.0	-0.008546153846153681	1087.8444176835937	507.22022110655234	5267.8467939226575	
509	0.0	0.05738131868131834	1091.8250995341798	506.6787162092951	5260.177168309914	
510	0.0	0.0061043956043955825	1095.8042474033205	506.2735778055794	5260.1100733297935	
511	0.0	0.028080219780219812	1099.7772593466798	505.72105264649144	5251.028957646115	
512	0.0	-0.015871428571428647	1103.7472033271486	505.23253104364994	5246.442148272152	
513	0.0	-0.008546153846153681	1107.715613326172	504.85952863328566	5247.421052146827	
514	0.0	-0.0061043956043955825	1111.6763534179688	504.2497958677777	5234.6397388634505	
515	0.0	-0.01342967032967055	1115.6370935097657	503.8799742412375	5236.368059876215	
516	0.0	-0.0061043956043955825	1119.5916976757812	503.348869790927	5227.826787489677	
517	0.0	-0.015871428571428647	1123.5432338789064	502.8733405050589	5223.234344486198	
518	0.0	-0.01342967032967055	1127.4901681376955	502.35482018896437	5216.337909935177	
519	0.0	-0.01098791208791178	1131.4340344335938	501.8869235664606	5212.547444032876	
520	0.0	-0.003662637362637484	1135.3748327666017	501.4497317671194	5209.853708469207	
521	0.0	-0.0061043956043955825	1139.3110291552734	500.95446431263554	5203.51279840359	
522	0.0	0.008546153846153681	1143.2426235996095	500.4239721917984	5195.862768704668	
523	0.0	-0.0061043956043955825	1147.1711500810547	499.9488143025301	5191.801370775436	
524	0.0	-0.01098791208791178	1151.0966085996095	499.50721832208365	5189.056210212519	
525	0.0	-0.003662637362637484	1155.0159311923828	498.9325805244225	5178.917635186255	
526	0.0	-0.023196703296702943	1158.933719803711	498.50734600016585	5177.868221683286	
527	0.0	-0.015871428571428647	1162.8469064707033	498.0193309998722	5172.338722763656	
528	0.0	-0.0061043956043955825	1166.7554911933594	497.4932377149453	5165.0680722494435	
529	0.0	-0.028080219780219812	1170.6625419345703	497.0974469268549	5165.003336666625	
530	0.0	0.003662637362637484	1174.5634567500001	496.55059138346405	5155.778308336561	
531	0.0	0.03784725274725288	1178.4628375839845	496.1422076486997	5154.851009728183	
532	0.0	0.01342967032967055	1182.357616473633	495.66441316907003	5149.13356859711	
533	0.0	-0.01098791208791178	1186.2477934189453	495.1445189435108	5141.590009093881	
534	0.0	-0.015871428571428647	1190.1364363828127	494.7524880750425	5141.2633582393355	
535	0.0	-0.025638461538461714	1194.0189434208985	494.20791303825536	5131.82100822933	
536	0.0	-0.028080219780219812	1197.8983824960937	493.72421342840244	5126.891484723783	
537	0.0	-0.01342967032967055	1201.7747536083984	493.2774366324811	5123.752592411285	
538	0.0	-0.018313186813186746	1205.6465227763672	492.77635558351176	5117.29071579318	
539	0.0	-0.03052197802197791	1209.5152239814454	492.31903641158715	5113.492663885318	
540	0.0	-0.01342967032967055	1213.3793232421876	491.81156108819414	5106.794907474541	
541	0.0	-0.015871428571428647	1217.238820558594	491.27366452037677	5099.118256567381	
542	0.0	-0.04273076923076908	1221.098317875	490.9474137513607	5102.8257491453005	
543	0.0	0.047614285714285276	1224.9501452841798	490.36603729047056	5090.972479238269	
544	0.0	-0.01098791208791178	1228.8004387119142	489.9367155602449	5088.987828449099	
545	0.0	-0.01098791208791178	1232.6461301953127	489.44622154415265	5082.954630351487	
546	0.0	0.0061043956043955825	1236.4887537158204	488.9953237323425	5079.251970032485	
547	0.0	0.03540549450549411	1240.3283092734375	488.56844223317603	5076.347181068297	
548	0.0	-0.01342967032967055	1244.163262886719	488.0794282920251	5069.717948407422	
549	0.0	-0.0061043956043955825	1247.9936145556642	487.55272911883367	5061.795807921397	
550	0.0	0.0012208791208793855	1251.8224322431643	487.15657084093255	5061.345344487716	
551	0.0	-0.025638461538461714	1255.645114004883	486.6094924036661	5051.8920743874405	
552	0.0	-0.018313186813186746	1259.464727803711	486.12427440469037	5046.994852251977	
553	0.0	-0.015871428571428647	1263.2812736396486	485.676576659127	5043.899160755227	
554	0.0	-0.01098791208791178	1267.09321753125	485.17493702599313	5037.477806370251	
555	0.0	-0.01342967032967055	1270.9036274414063	484.7939781278619	5037.54797133449	
556	0.0	0.0061043956043955825	1274.7079014257813	484.2561185806844	5028.174147040547	
557	0.0	0.0012208791208793855	1278.5091074472657	483.7764921212947	5023.181769045379	
558	0.0	-0.01342967032967055	1282.3072455058596	483.3321858160416	5019.941421175416	
559	0.0	0.008546153846153681	1286.1007816201172	482.832603195493	5013.379595620576	
560	0.0	-0.023196703296702943	1289.8912497714846	482.3761928663298	5009.497622932649	
561	0.0	-0.008546153846153681	1293.6786499599611	481.9459678562707	5006.569788245088	
562	0.0	-0.020754945054944844	1297.4614482041018	481.4549259731939	4999.978565045316	
563	0.0	-0.0061043956043955825	1301.2411784853516	481.0036958632627	4995.945964028611	
564	0.0	-0.0964494505494506	1305.0163068222657	480.49991374278034	4989.011269114155	
565	0.0	0.015871428571428647	1308.788367196289	480.0409562880741	4984.968436676685	
566	0.0	-0.06470659340659331	1312.5558256259767	479.53248729594634	4978.147686609198	
567	0.0	-0.0012208791208793855	1316.321750074219	479.1473861820996	4978.081793805526	
568	0.0	0.0061043956043955825	1320.0830725781252	478.68371332629613	4972.524806172816	
569	0.0	-0.020754945054944844	1323.8397931376953	478.1723842986976	4964.858993099948	
570	0.0	-0.023196703296702943	1327.5949797158205	477.78554848562635	4964.325013625559	
571	0.0	-0.023196703296702943	1331.344030368164	477.244124409277	4954.676135851976	
572	0.0	-0.0012208791208793855	1335.0900130576174	476.7623359536228	4949.572353441927	
573	0.0	-0.020754945054944844	1338.83292778418	476.3167183313053	4946.298051706199	
574	0.0	0.025638461538461714	1342.5712405664065	475.8163403567014	4939.736021424011	
575	0.0	0.003662637362637484	1346.3080193671876	475.43614669318777	4939.701244934611	
576	0.0	-0.01342967032967055	1350.0401962236328	474.9754503566073	4934.086825607239	
577	0.0	-0.028080219780219812	1353.7693051171875	474.54262575146277	4930.174850921954	
578	0.0	-0.01342967032967055	1357.4938120664065	474.0500071342685	4923.027137068719	
579	0.0	-0.01098791208791178	1361.2137170712892	473.5211216145108	4914.846570025744	
580	0.0	-0.015871428571428647	1364.9305541132815	473.04693817805673	4910.438404290577	
581	0.0	0.0012208791208793855	1368.644323192383	472.60593323316425	4907.467766898149	
582	0.0	0.003662637362637484	1372.3534903271486	472.1083529889438	4901.018197009533	
583	0.0	-0.008546153846153681	1376.061123480469	471.7298562346841	4901.008129998434	
584	0.0	0.003662637362637484	1379.762620708008	471.1934900533088	4891.547359302338	
585	0.0	-0.0012208791208793855	1383.4625839541018	470.79146843840135	4890.313979297822	
586	0.0	0.0012208791208793855	1387.1564112744143	470.2408337074012	4880.477013816257	
587	0.0	-0.0012208791208793855	1390.8502385947268	469.9068568517105	4883.072271794357	
588	0.0	-0.023196703296702943	1394.5363960078125	469.3207942822628	4870.664528439698	
589	0.0	-0.1257505494505498	1398.2225534208985	468.9653293557203	4872.251389218458	
590	0.0	-0.008546153846153681	1401.9025749082032	468.4429326843965	4863.401088186973	
591	0.0	-0.018313186813186746	1405.5795284326173	467.97268493360025	4858.485814790889	
592	0.0	0.003662637362637484	1409.2534139941408	467.5340671028098	4855.146406072312	
593	0.0	-0.01098791208791178	1412.9226976113282	467.0379347164708	4848.43604843014	
594	0.0	0.003662637362637484	1416.588913265625	466.58361706022697	4844.410339662096	
595	0.0	-0.015871428571428647	1420.2520609570313	466.15466132044094	4841.362786192338	
596	0.0	-0.028080219780219812	1423.9106067041016	465.6643892887223	4834.679214318312	
597	0.0	-0.023196703296702943	1427.5660844882814	465.21362611728546	4830.578630776105	
598	0.0	-0.01098791208791178	1431.2169603281252	464.7101272093132	4823.595442066282	
599	0.0	0.0012208791208793855	1434.8663021865236	464.32804060395574	4823.353746668759	
600	0.0	0.0012208791208793855	1438.5095081191407	463.78949706778803	4813.808303932587	
601	0.0	-0.008546153846153681	1442.1511800703126	463.3861548203713	4812.557422872433	
602	0.0	-0.0012208791208793855	1445.7897840585938	462.988117229761	4810.400283868723	
603	0.0	-0.01098791208791178	1449.4222521210938	462.4398989317415	4799.941083638139	
604	0.0	0.0695901098901095	1453.0531862021485	462.03068864447414	4798.286411036814	
605	0.0	-0.015871428571428647	1456.677984357422	461.4756937631755	4788.3056935094355	
606	0.0	-0.01342967032967055	1460.3012485312502	461.06237327030976	4787.046602716033	
607	0.0	-0.003662637362637484	1463.9214447421875	460.65828356774	4785.039633456276	
608	0.0	-0.045172527472527174	1467.5355050273438	460.10639447813446	4774.7656185297055	
609	0.0	-0.01342967032967055	1471.1480313310549	459.694957743166	4773.280342700444	
610	0.0	0.03052197802197791	1474.7544217089844	459.1386124530254	4763.436987979127	
611	0.0	-0.0061043956043955825	1478.3592781054688	458.7244728957594	4762.282209104404	
612	0.0	-0.023196703296702943	1481.9610665390626	458.31988640553027	4760.3512436483	
613	0.0	-0.008546153846153681	1485.5582530283205	457.84439507125353	4753.966005399248	
614	0.0	-0.023196703296702943	1489.1508375732424	457.3258977739606	4745.9815954360965	
615	0.0	-0.018313186813186746	1492.741888136719	456.934714185365	4745.3658347721175	
616	0.0	-0.0061043956043955825	1496.3283367558595	456.4673521220684	4739.569910268154	
617	0.0	-0.0061043956043955825	1499.9117174121095	456.03048454926466	4735.65149081649	
618	0.0	0.0012208791208793855	1503.492030105469	455.61211282036675	4732.397684700831	
619	0.0	-0.008546153846153681	1507.066206873047	455.0515612436866	4721.58949256601	
620	0.0	-0.003662637362637484	1510.640383640625	454.71156951689045	4723.749866295497	
621	0.0	-0.003662637362637484	1514.208424482422	454.19855781586375	4715.006829616701	
622	0.0	-0.015871428571428647	1517.7733973613283	453.7340023374127	4710.010690824551	
623	0.0	-0.008546153846153681	1521.3353022773438	453.2988370443927	4706.533727067879	
624	0.0	-0.015871428571428647	1524.8926052490235	452.80479872817523	4699.686255445929	
625	0.0	0.018313186813186746	1528.4468402578127	452.3517511896789	4695.544822679287	
626	0.0	-0.018313186813186746	1531.9964733222657	451.8468667429843	4688.572376702086	
627	0.0	-0.0012208791208793855	1535.546106386719	451.5406388381525	4692.193694103884	
628	0.0	-0.01342967032967055	1539.0880695439455	450.97140685861814	4679.976825889524	
629	0.0	-0.0012208791208793855	1542.6284987197266	450.5494511288998	4677.582810123702	
630	0.0	-0.003662637362637484	1546.1627919697266	449.9867257458245	4667.351833930083	
631	0.0	-0.01098791208791178	1549.694017256836	449.4920173941937	4662.2261995689005	
632	0.0	0.0012208791208793855	1553.2252425439453	449.1919616031082	4666.809439353197	
633	0.0	-0.018313186813186746	1556.7503319052735	448.7031722722313	4658.914991562124	
634	0.0	0.0012208791208793855	1560.272353303711	448.2533084043389	4654.056920493487	
635	0.0	-0.023196703296702943	1563.7913067392578	447.8270540238009	4650.435262932111	
636	0.0	0.03540549450549411	1567.3071922119143	447.41511952162546	4647.196430182321	
637	0.0	-0.0012208791208793855	1570.8184757402346	446.93517139268806	4640.132182666617	
638	0.0	-0.015871428571428647	1574.326691305664	446.4906699849671	4635.640183932144	
639	0.0	-0.01098791208791178	1577.8318389082033	446.0676681010664	4632.157180945007	
640	0.0	-0.028080219780219812	1581.3323845664063	445.58100726557313	4625.116920590081	
641	0.0	-0.015871428571428647	1584.829862261719	445.13243439540383	4620.743844971155	
642	0.0	0.003662637362637484	1588.3242719941406	444.70696304464946	4617.396278635104	
643	0.0	-0.025638461538461714	1591.8140797822266	444.2188044017821	4610.476561876905	
644	0.0	0.0012208791208793855	1595.300819607422	443.76932306554227	4606.199888674353	
645	0.0	-0.0061043956043955825	1598.7844914697266	443.3433007021813	4602.924918866407	
646	0.0	-0.01098791208791178	1602.2650953691407	442.93150692552445	4599.892755297464	
647	0.0	-0.008546153846153681	1605.7410973242188	442.4516441509186	4592.951670873761	
648	0.0	-0.0061043956043955825	1609.2140313164064	442.0071945132804	4588.533047183108	
649	0.0	-0.01098791208791178	1612.682363364258	441.50752495719644	4581.258789834654	
650	0.0	-0.01098791208791178	1616.1491614306642	441.1277609712415	4580.781010761144	
651	0.0	-0.03052197802197791	1619.6113575527345	440.6673252472392	4574.891215828302	
652	0.0	-0.0012208791208793855	1623.0704857119142	440.2346587117063	4570.808165195918	
653	0.0	0.003662637362637484	1626.525011926758	439.74213596852496	4563.554230746475	
654	0.0	-0.047614285714285276	1629.976470178711	439.2900076715305	4559.142700545097	
655	0.0	-0.0061043956043955825	1633.4233264863283	438.7856807730568	4551.992139138449	
656	0.0	-0.0012208791208793855	1636.8686488125002	438.4030919660581	4551.6618012794825	
657	0.0	-0.015871428571428647	1640.309369194336	437.9409429014195	4545.905356388688	
658	0.0	-0.003662637362637484	1643.7470216132813	437.50723717223445	4541.92982694491	
659	0.0	-0.01098791208791178	1647.181606069336	437.09078319852415	4538.592219166723	
660	0.0	-0.025638461538461714	1650.6115885810548	436.60809387142945	4531.5383336777195	
661	0.0	-0.0061043956043955825	1654.0385031298829	436.16192984295776	4527.095242023952	
662	0.0	-0.025638461538461714	1657.4623497158204	435.7379195285466	4523.667754347174	
663	0.0	0.003662637362637484	1660.8831283388674	435.3273461212957	4520.511799174987	
664	0.0	0.01098791208791178	1664.2977710361329	434.77152446594846	4509.64170252136	
665	0.0	0.03052197802197791	1667.7108797519534	434.35770250923815	4507.856031303658	
666	0.0	0.003662637362637484	1671.1209205048829	433.9533086534211	4505.537471995136	
667	0.0	-0.0061043956043955825	1674.5263593134766	433.4779341578542	4498.914150962464	
668	0.0	-0.008546153846153681	1677.9271961777345	432.9595077268168	4490.783519791978	
669	0.0	0.0012208791208793855	1681.3264990605471	432.56836712078075	4490.077969599191	
670	0.0	0.003662637362637484	1684.7211999990236	432.1010311277496	4484.226916667176	
671	0.0	-0.003662637362637484	1688.1128329746095	431.66417936734797	4480.274654772566	
672	0.0	-0.003662637362637484	1691.501397987305	431.2458172291954	4477.000076315551	
673	0.0	-0.008546153846153681	1694.883827074219	430.68527146958513	4466.179135994211	
674	0.0	-0.01342967032967055	1698.266256161133	430.3452832709736	4468.331687107395	
675	0.0	-0.018313186813186746	1701.6425493222657	429.83227370995155	4459.583850915176	
676	0.0	-0.018313186813186746	1705.0173085019533	429.4444186016917	4458.4197214079395	
677	0.0	-0.018313186813186746	1708.3874657373049	428.9790753638663	4452.239440686106	
678	0.0	-0.01098791208791178	1711.7545550097657	428.54343227064237	4448.056507194495	
679	0.0	-0.015871428571428647	1715.1185763193362	428.1258032261976	4444.62322607874	
680	0.0	0.008546153846153681	1718.4779956845705	427.6424011826748	4437.529582652158	
681	0.0	0.008546153846153681	1721.8343470869142	427.1958048698143	4433.073458435716	
682	0.0	-0.020754945054944844	1725.186096544922	426.69483328938077	4425.809833975993	
683	0.0	-0.008546153846153681	1728.534778040039	426.237580513407	4421.5237953060205	
684	0.0	-0.018313186813186746	1731.8803915722658	425.8068445335084	4418.36398119578	
685	0.0	-0.015871428571428647	1735.2229371416017	425.3921918038104	4415.4749539134355	
686	0.0	-0.015871428571428647	1738.5593467851563	424.833895914242	4404.830185559113	
687	0.0	0.0012208791208793855	1741.8957564287111	424.495272330867	4407.054607720031	
688	0.0	-0.015871428571428647	1745.2260301464846	423.98309045079804	4398.329145465646	
689	0.0	-0.028080219780219812	1748.5547698828127	423.5957373564743	4397.165717039097	
690	0.0	-0.01098791208791178	1751.8789076748049	423.13069860544056	4390.978055855168	
691	0.0	-0.04273076923076908	1755.2015114853516	422.77193926507607	4390.620865113378	
692	0.0	-0.0061043956043955825	1758.5179793701172	422.2475444307056	4380.642661200738	
693	0.0	0.0012208791208793855	1761.8329132734377	421.8527838049631	4378.909302648135	
694	0.0	-0.04028901098901098	1765.143245232422	421.3832521589502	4372.491139182515	
695	0.0	-0.015871428571428647	1768.4505092285158	420.9450686676573	4368.229047001852	
696	0.0	-0.008546153846153681	1771.754705261719	420.5258987938578	4364.78725371612	
697	0.0	-0.01098791208791178	1775.0558333320314	420.1182612623088	4361.547358973181	
698	0.0	-0.0061043956043955825	1778.3523594580079	419.6409193778818	4354.415654823806	
699	0.0	-0.015871428571428647	1781.6473516025392	419.27469780968386	4353.677171353116	
700	0.0	-0.020754945054944844	1784.9362078212891	418.745776905198	4343.583729984355	
701	0.0	-0.023196703296702943	1788.223530058594	418.34827107911406	4341.850851093106	
702	0.0	-0.018313186813186746	1791.5062503515626	417.8770743848436	4335.475662977027	
703	0.0	-0.015871428571428647	1794.787436663086	417.51458006298344	4335.100479689678	
704	0.0	0.003662637362637484	1798.0640210302736	417.0646189200488	4329.004390637187	
705	0.0	0.008546153846153681	1801.3360034531252	416.5616064669739	4320.798396083665	
706	0.0	-0.020754945054944844	1804.6064518945313	416.1798149113747	4319.807467665189	
707	0.0	-0.01342967032967055	1807.8722983916018	415.7181494042161	4313.637958078751	
708	0.0	-0.023196703296702943	1811.1366109072267	415.36143603973323	4313.239327126346	
709	0.0	-0.015871428571428647	1814.3947874970704	414.83828215253016	4303.204176097919	
710	0.0	0.0012208791208793855	1817.651430105469	414.44427419929707	4301.416982200542	
711	0.0	0.0061043956043955825	1820.9034707695314	413.97519907222886	4294.954462832749	
712	0.0	0.0012208791208793855	1824.1539774521486	413.6139915459935	4294.493322755232	
713	0.0	-0.0012208791208793855	1827.3983482089845	413.08811181175406	4284.4901365988935	
714	0.0	0.0012208791208793855	1830.641184984375	412.6924505486968	4282.764713879922	
715	0.0	0.0012208791208793855	1833.8794198154299	412.2223726384691	4276.3653675190235	
716	0.0	-0.025638461538461714	1837.1145866835939	411.78385782119585	4272.123182213803	
717	0.0	-0.023196703296702943	1840.3466855888673	411.3644869880518	4268.698614763196	
718	0.0	-0.025638461538461714	1843.5757165312502	410.9567275685258	4265.472292684717	
719	0.0	-0.01098791208791178	1846.800145529297	410.47931175526173	4258.35071597609	
720	0.0	-0.01342967032967055	1850.0230405458985	410.1130453469668	4257.619524610038	
721	0.0	0.01098791208791178	1853.239799636719	409.58409724563535	4247.531203335959	
722	0.0	-0.018313186813186746	1856.4565587275392	409.26327399603906	4249.636806426992	
723	0.0	-0.01098791208791178	1859.6671818925784	408.7618885644479	4240.562503901336	
724	0.0	-0.0012208791208793855	1862.8747370947267	408.30438477506686	4235.184668306942	
725	0.0	0.0012208791208793855	1866.0807583154299	407.95019562008383	4235.2015024260945	
726	0.0	-0.01342967032967055	1869.282177591797	407.50527181563666	4229.214049030494	
727	0.0	-0.01342967032967055	1872.4789949238282	407.0053146628925	4220.995621041757	
728	0.0	-0.01342967032967055	1875.6742782744143	406.62537624069955	4219.949645277231	
729	0.0	-0.008546153846153681	1878.8649596806642	406.16483471576066	4213.717933885289	
730	0.0	-0.0061043956043955825	1882.0541071054688	405.80880308097403	4213.264099116734	
731	0.0	-0.008546153846153681	1885.2371186044923	405.2860626837355	4203.184865238072	
732	0.0	0.01098791208791178	1888.4185961220705	404.8923055248888	4201.364504490888	
733	0.0	-0.01098791208791178	1891.597005676758	404.5000815845415	4198.712922485518	
734	0.0	-0.015871428571428647	1894.7692793056642	403.9553894437122	4187.863432436854	
735	0.0	-0.015871428571428647	1897.9400189531252	403.5483178789291	4185.91720976635	
736	0.0	-0.015871428571428647	1901.1076906376954	403.14801834298123	4183.396310954182	
737	0.0	-0.015871428571428647	1904.272294359375	402.75182625022717	4180.421556878813	
738	0.0	-0.018313186813186746	1907.4322961367188	402.28142637554265	4173.2727064632	
739	0.0	0.003662637362637484	1910.5907639326174	401.9194153491844	4172.415883712321	
740	0.0	-0.0061043956043955825	1913.7430958027346	401.3930482674914	4162.185197296851	
741	0.0	-0.018313186813186746	1916.8954276728516	401.07379048554867	4164.16431994734	
742	0.0	0.0012208791208793855	1920.0416236171877	400.57335455813154	4154.988962097752	
743	0.0	0.01342967032967055	1923.1862855800782	400.19312574443757	4153.370023364207	
744	0.0	-0.01342967032967055	1926.326345598633	399.73240808813716	4146.795307578501	
745	0.0	-0.018313186813186746	1929.463337654297	399.2995705520152	4142.3012151315415	
746	0.0	-0.025638461538461714	1932.5957277656253	398.8069440917752	4134.800630058666	
747	0.0	-0.01098791208791178	1935.7250499140628	398.35475288720045	4130.241111357993	
748	0.0	-0.008546153846153681	1938.8513040996095	397.92708690559084	4126.836722132779	
749	0.0	0.0061043956043955825	1941.9744903222659	397.51429622404976	4123.751617919404	
750	0.0	0.0012208791208793855	1945.0946085820315	397.110527868339	4120.628877605563	
751	0.0	-0.01098791208791178	1948.2101248974611	396.63553275771847	4113.508070379157	
752	0.0	-0.0012208791208793855	1951.3241072314454	396.27073457982624	4112.73970683802	
753	0.0	-0.015871428571428647	1954.433487621094	395.8193760775175	4106.440963970934	
754	0.0	-0.01342967032967055	1957.5382660664063	395.31551608312293	4098.133780847658	
755	0.0	-0.01098791208791178	1960.643044511719	395.00990954000736	4100.929610276236	
756	0.0	-0.025638461538461714	1963.7416870312502	394.51775350773823	4092.0373505038497	
757	0.0	-0.008546153846153681	1966.8372615878907	394.0658476321405	4086.6264238410477	
758	0.0	-0.015871428571428647	1969.931302163086	393.71505378361326	4086.5361466764116	
759	0.0	0.0061043956043955825	1973.0207407939454	393.2721893366397	4080.4309342432553	
760	0.0	-0.018313186813186746	1976.1071114619142	392.85018031961226	4075.9440149724633	
761	0.0	-0.0061043956043955825	1979.188880185547	392.36412168838433	4068.2794107632562	
762	0.0	-0.020754945054944844	1982.2675809462892	391.915914073601	4063.5182879241293	
763	0.0	-0.023196703296702943	1985.3432137441407	391.49066426136415	4059.929679779216	
764	0.0	-0.025638461538461714	1988.4157785791017	391.07933906067046	4056.695272736937	
765	0.0	-0.020754945054944844	1991.4837414697267	390.59976049179386	4049.6242356757357	
766	0.0	-0.003662637362637484	1994.548636397461	390.1554832335969	4045.122372679043	
767	0.0	0.0061043956043955825	1997.610463362305	389.7326173032634	4041.6299014701	
768	0.0	-0.0012208791208793855	2000.669222364258	389.32273800004623	4038.416738054366	
769	0.0	-0.0012208791208793855	2003.7233794218753	388.8440364123235	4031.3361040116724	
770	0.0	-0.0012208791208793855	2006.776002498047	388.47699014238606	4030.6497378086824	
771	0.0	0.008546153846153681	2009.8224896484376	387.9475690310501	4020.6007302412763	
772	0.0	-0.0061043956043955825	2012.8689767988283	387.626458886356	4022.737533012927	
773	0.0	-0.003662637362637484	2015.9093280234376	387.1248994441412	4013.6866149122143	
774	0.0	-0.008546153846153681	2018.9466112851565	386.66729011196	4008.3256683348845	
775	0.0	-0.0012208791208793855	2021.9808265839845	386.23633786977734	4004.519433606385	
776	0.0	0.0012208791208793855	2025.0135079013673	385.89825304261467	4005.0766486087578	
777	0.0	-0.0012208791208793855	2028.0415872744143	385.46309700698475	3999.1665506994705	
778	0.0	-0.008546153846153681	2031.0665986845704	385.0457633779588	3994.678118249072	
779	0.0	0.0061043956043955825	2034.0870081503908	384.56254051293945	3986.939899830464	
780	0.0	-0.008546153846153681	2037.1058836347659	384.1927519496239	3985.924988721141	
781	0.0	-0.015871428571428647	2040.1186231933596	383.661667553155	3975.7193478080917	
782	0.0	-0.01098791208791178	2043.1313627519532	383.3395485750807	3977.787009651096	
783	0.0	-0.01342967032967055	2046.1379663847658	382.8373772444611	3968.70984154898	
784	0.0	-0.018313186813186746	2049.143036036133	382.45609585545026	3967.177441250755	
785	0.0	-0.01342967032967055	2052.141969761719	381.9180407077074	3956.836626294995	
786	0.0	-0.018313186813186746	2055.140903487305	381.5916937551665	3958.9306873724017	
787	0.0	0.0012208791208793855	2058.135235268555	381.1636571005365	3953.770224524882	
788	0.0	-0.003662637362637484	2061.124965105469	380.6739425222331	3945.7908176801884	
789	0.0	0.0061043956043955825	2064.113160960938	380.30021653560107	3944.7305563869813	
790	0.0	-0.018313186813186746	2067.0967548720705	379.84344304335536	3938.393584801812	
791	0.0	-0.03296373626373601	2070.078814801758	379.48969683612813	3937.817318321433	
792	0.0	-0.015871428571428647	2073.0547388056643	378.9683426207339	3927.6282903194224	
793	0.0	-0.025638461538461714	2076.0306628095705	378.65212529593555	3929.5547362920133	
794	0.0	0.0012208791208793855	2079.0004508876955	378.1535334990622	3920.300153127486	
795	0.0	-0.0012208791208793855	2081.968704984375	377.7744232070836	3918.604487892384	
796	0.0	-0.008546153846153681	2084.932357136719	377.3143839685363	3911.9658435215915	
797	0.0	-0.0012208791208793855	2087.8944753076175	376.9586569858657	3911.2573814951247	
798	0.0	-0.0012208791208793855	2090.8504575527345	376.4361013694579	3901.0189714138087	
799	0.0	0.047614285714285276	2093.8049058164065	376.04245628580975	3899.0991923058227	
800	0.0	-0.018313186813186746	2096.7547521357424	375.57360125028936	3892.550613773963	
801	0.0	-0.01098791208791178	2099.703064473633	375.21252721631026	3892.0338540252596	
802	0.0	0.003662637362637484	2102.645240885742	374.68672844920366	3881.9948571944988	
803	0.0	-0.0061043956043955825	2105.5858833164066	374.29111629529507	3880.2464552694964	
804	0.0	-0.003662637362637484	2108.5234577841798	373.8977672434412	3877.6673613385556	
805	0.0	-0.0061043956043955825	2111.4579642890626	373.5057908325689	3874.549238833257	
806	0.0	-0.003662637362637484	2114.3878688496097	373.03794789823587	3867.2478825004764	
807	0.0	-0.015871428571428647	2117.3147054472656	372.6007886622974	3862.4238494008787	
808	0.0	0.003662637362637484	2120.2400080634766	372.2589391031361	3862.460249441134	
809	0.0	-0.01342967032967055	2123.1591747539064	371.7448005697952	3852.4578445267616	
810	0.0	-0.028080219780219812	2126.0783414443363	371.4329597775213	3854.3852883237887	
811	0.0	-0.025638461538461714	2128.9913722089846	370.9370224818704	3845.063260779394	
812	0.0	-0.015871428571428647	2131.9028689921875	370.55952222635096	3843.2854142959204	
813	0.0	-0.0061043956043955825	2134.809763831055	370.1004595243139	3836.5718904305286	
814	0.0	0.03052197802197791	2137.715124688477	369.74532484092924	3835.802827773079	
815	0.0	-0.008546153846153681	2140.6158836015625	369.2998275445425	3829.35340565586	
816	0.0	0.0012208791208793855	2143.513574551758	368.87622162359185	3824.698650159693	
817	0.0	-0.01098791208791178	2146.4066635576173	368.38919442104816	3816.957077979785	
818	0.0	0.0012208791208793855	2149.2982185820315	368.0170984103461	3815.999285388387	
819	0.0	-0.01342967032967055	2152.186705643555	367.6380126208096	3813.534073748533	
820	0.0	-0.025638461538461714	2155.0705907607426	367.17798824372585	3806.428294892916	
821	0.0	0.0012208791208793855	2157.9514079150395	366.7455712028168	3801.601316785396	
822	0.0	-0.0012208791208793855	2160.8291571064456	366.32989885800635	3797.7272417835648	
823	0.0	0.003662637362637484	2163.703838334961	365.92438268511614	3794.170772732403	
824	0.0	-0.003662637362637484	2166.5723836376956	365.3716283975082	3782.979118474612	
825	0.0	-0.0012208791208793855	2169.442462921875	365.11306503797823	3788.620626212858	
826	0.0	-0.028080219780219812	2172.3064062802737	364.64944213963463	3780.7228951386605	
827	0.0	0.0061043956043955825	2175.1672816757814	364.21484248507477	3775.4715262026675	
828	0.0	-0.03784725274725288	2178.025089108399	363.7978463182226	3771.3739820536175	
829	0.0	-0.003662637362637484	2180.8798285781254	363.3915272065642	3767.7025558777023	
830	0.0	-0.008546153846153681	2183.731500084961	362.9916840565129	3764.1235685141874	
831	0.0	-0.01098791208791178	2186.5785696474613	362.5190697036014	3756.665001435538	
832	0.0	0.0012208791208793855	2189.4241052285156	362.1557155282353	3755.6547583846022	
833	0.0	-0.015871428571428647	2192.2650388652346	361.7052328577993	3749.18685574932	
834	0.0	-0.015871428571428647	2195.102904539063	361.27860315455473	3744.5984075633733	
835	0.0	0.06714835164835141	2197.936168268555	360.7897419353394	3736.944068824034	
836	0.0	-0.008546153846153681	2200.769431998047	360.4932326095004	3739.902656261407	
837	0.0	0.0012208791208793855	2203.596559801758	360.0065943185473	3730.967663896359	
838	0.0	-0.028080219780219812	2206.4206196425785	359.5580351223616	3725.445024651517	
839	0.0	-0.003662637362637484	2209.241611520508	359.13257206525304	3721.4000000972846	
840	0.0	-0.025638461538461714	2212.059535435547	358.7211175249686	3717.8920781912784	
841	0.0	-0.01342967032967055	2214.8743913876956	358.3181595799251	3714.4921106555903	
842	0.0	0.008546153846153681	2217.684645395508	357.8436560083064	3707.190555749401	
843	0.0	0.0061043956043955825	2220.4933654218753	357.4791559638252	3706.304920377428	
844	0.0	-0.008546153846153681	2223.2990174853517	357.10467736086866	3703.7653665617254	
845	0.0	-0.023196703296702943	2226.1000676044923	356.64744738378795	3696.5428609248393	
846	0.0	-0.008546153846153681	2228.8965157792973	356.1400261598319	3687.7666814117783	
847	0.0	-0.0061043956043955825	2231.6929639541017	355.8322596218204	3690.3334227974774	
848	0.0	-0.008546153846153681	2234.4848101845705	355.41549255851714	3685.1707529184296	
849	0.0	-0.0061043956043955825	2237.2735884521485	355.0093124053383	3680.849733046989	
850	0.0	0.003662637362637484	2240.059298756836	354.6095535378845	3676.8745865505516	
851	0.0	0.0012208791208793855	2242.8404071171876	354.13699030484713	3669.1744263120254	
852	0.0	-0.020754945054944844	2245.6199814960937	353.77366713526135	3668.016854749025	
853	0.0	-0.01342967032967055	2248.394953930664	353.32320327081834	3661.459110751719	
854	0.0	-0.01098791208791178	2251.166858402344	352.8965849739325	3656.8158786119166	
855	0.0	0.020754945054944844	2253.9341609296876	352.40773067309055	3649.128134372362	
856	0.0	-0.003662637362637484	2256.7014634570314	352.11122554341273	3652.066352774762	
857	0.0	-0.03296373626373601	2259.4626300585937	351.62458979750227	3643.1189407178044	
858	0.0	-0.015871428571428647	2262.222262678711	351.2527312173188	3641.423682593979	
859	0.0	-0.025638461538461714	2264.9772933544923	350.79709036447457	3634.672530128828	
860	0.0	-0.01098791208791178	2267.730790048828	350.4440311375656	3633.8274391089326	
861	0.0	-0.008546153846153681	2270.479684798828	349.99979266920127	3627.2996327126802	
862	0.0	-0.015871428571428647	2273.2239776044926	349.5002511937928	3618.7428079362326	
863	0.0	-0.01098791208791178	2275.9682704101565	349.19726396490296	3621.320074490348	
864	0.0	-0.003662637362637484	2278.7079612714847	348.783395699269	3616.089476190871	
865	0.0	-0.01342967032967055	2281.4430501884767	348.30227468347584	3607.8472293649556	
866	0.0	-0.020754945054944844	2284.176605124024	347.93376095617714	3606.493928445676	
867	0.0	-0.01098791208791178	2286.9055581152347	347.4801488591911	3599.898175248476	
868	0.0	-0.003662637362637484	2289.6329771250003	347.1283201350452	3599.1157940464036	
869	0.0	-0.015871428571428647	2292.35579419043	346.68482800420315	3592.606890298035	
870	0.0	-0.015871428571428647	2295.075543292969	346.26243827780127	3587.8848795638623	
871	0.0	-0.0012208791208793855	2297.790690451172	345.77614873455605	3580.0836047196535	
872	0.0	-0.008546153846153681	2300.5058376093752	345.4811992091272	3582.913084568432	
873	0.0	-0.01098791208791178	2303.2133148603516	344.9188079126179	3570.040577933267	
874	0.0	-0.015871428571428647	2305.919258129883	344.50100126708276	3567.142533317783	
875	0.0	-0.015871428571428647	2308.623667417969	344.170889647532	3568.046195945888	
876	0.0	-0.023196703296702943	2311.323474761719	343.7405696069327	3562.2222557736586	
877	0.0	-0.01098791208791178	2314.0202141425784	343.3261691572261	3557.710886977822	
878	0.0	0.0012208791208793855	2316.712351579102	342.8447253553895	3549.9131497002927	
879	0.0	-0.01098791208791178	2319.4029550341797	342.4760158484569	3548.8344763763707	
880	0.0	0.0061043956043955825	2322.088956544922	342.0222850051505	3542.408337368868	
881	0.0	-0.003662637362637484	2324.7718900927734	341.59368518544943	3537.895725119093	
882	0.0	-0.0061043956043955825	2327.4517556777346	341.180328102404	3534.15296965388	
883	0.0	0.0012208791208793855	2330.128553299805	340.7762162068102	3530.6401505141966	
884	0.0	-0.008546153846153681	2332.8022829589845	340.37771180096024	3527.1230437407667	
885	0.0	0.0061043956043955825	2335.4714106738284	339.9059094374825	3519.681193345701	
886	0.0	-0.008546153846153681	2338.139004407227	339.54304775861965	3518.6684640592284	
887	0.0	-0.023196703296702943	2340.8035301777345	339.16956287463836	3516.026349353995	
888	0.0	-0.14772637362637336	2343.4634540039065	338.7129356186779	3508.7261863112653	
889	0.0	-0.023196703296702943	2346.1203098671876	338.28257903578924	3503.7284872525524	
890	0.0	-0.0061043956043955825	2348.7740977675785	337.8681564220169	3499.718827222301	
891	0.0	-0.01098791208791178	2351.424817705078	337.463398249427	3496.0606899458126	
892	0.0	-0.003662637362637484	2354.0709356982425	336.98780278449703	3488.630538448064	
893	0.0	-0.008546153846153681	2356.715519709961	336.6226404732297	3487.6838828704713	
894	0.0	-0.015871428571428647	2359.3555017773438	336.17106111296744	3481.2826622361135	
895	0.0	-0.025638461538461714	2361.992415881836	335.7437662337179	3476.751710880655	
896	0.0	-0.01098791208791178	2364.626262023438	335.33120063706883	3472.9775419968664	
897	0.0	-0.0012208791208793855	2367.257040202149	334.9275688022317	3469.433363034059	
898	0.0	-0.0061043956043955825	2369.884750417969	334.5293555679964	3465.889771225209	
899	0.0	0.0012208791208793855	2372.5093926708987	334.1344288812543	3462.2622831015724	
900	0.0	0.0012208791208793855	2375.1309669609377	333.74149558634963	3458.532807597212	
901	0.0	-0.0061043956043955825	2377.749473288086	333.3497713447723	3454.7104788770466	
902	0.0	-0.028080219780219812	2380.3633776708984	332.88208135886816	3446.978078957236	
903	0.0	-0.018313186813186746	2382.975748072266	332.52171396320045	3445.725180160616	
904	0.0	-0.01342967032967055	2385.583516529297	332.07304286625003	3439.0636586929268	
905	0.0	-0.025638461538461714	2388.189751004883	331.7242110101215	3438.164560662017	
906	0.0	-0.015871428571428647	2390.792917517578	331.3592356440495	3435.373220656893	
907	0.0	-0.018313186813186746	2393.3914820859377	330.9077696716995	3427.8502355620985	
908	0.0	-0.008546153846153681	2395.9869786914064	330.4805435656599	3422.637136608737	
909	0.0	0.003662637362637484	2398.5794073339844	330.0680196821195	3418.4481549464035	
910	0.0	-0.003662637362637484	2401.168768013672	329.66441314763506	3414.651730724967	
911	0.0	-0.0061043956043955825	2403.755060730469	329.2662152588309	3410.954751039875	
912	0.0	-0.020754945054944844	2406.3382854843753	328.87129787953745	3407.233989861441	
913	0.0	-0.01098791208791178	2408.918442275391	328.47837022991735	3403.4477966695413	
914	0.0	-0.018313186813186746	2411.4939971220706	328.00995034004154	3395.7560255382996	
915	0.0	-0.01098791208791178	2414.0680179873048	327.649140235284	3394.5391184422188	
916	0.0	-0.018313186813186746	2416.637436908203	327.2002006216353	3387.906310613249	
917	0.0	-0.008546153846153681	2419.2037878662113	326.7745068296499	3383.193849770776	
918	0.0	-0.015871428571428647	2421.7686048427736	326.43961141395266	3383.119648536107	
919	0.0	-0.003662637362637484	2424.328819875	326.00638985419937	3376.7769859619784	
920	0.0	-0.01342967032967055	2426.8859669443364	325.5902295441192	3371.996111099006	
921	0.0	0.03540549450549411	2429.4400460507813	325.18441740531125	3367.8972273618674	
922	0.0	-0.01098791208791178	2431.991057194336	324.7848817498161	3364.0510910827434	
923	0.0	-0.025638461538461714	2434.5405343564457	324.46585204625444	3364.095616060613	
924	0.0	-0.015871428571428647	2437.0838755927734	323.9655544554407	3353.743319046438	
925	0.0	-0.003662637362637484	2439.6272168291016	323.6621086193045	3355.2433332535693	
926	0.0	-0.008546153846153681	2442.1644221396487	323.17126312213077	3345.5315255169753	
927	0.0	-0.008546153846153681	2444.7016274501957	322.87355027081503	3347.273047924369	
928	0.0	-0.01342967032967055	2447.2342308164066	322.4628810770082	3341.4535352087332	
929	0.0	-0.0061043956043955825	2449.7622322382813	321.98370039643487	3332.804352171135	
930	0.0	0.020754945054944844	2452.2902336601564	321.69306261422753	3335.0090157909835	
931	0.0	-0.008546153846153681	2454.81209915625	321.20998559454165	3325.525450362673	
932	0.0	-0.008546153846153681	2457.3324306708987	320.84028549093637	3323.4496650415203	
933	0.0	-0.0061043956043955825	2459.8496942226566	320.4626528925437	3320.2691031651902	
934	0.0	-0.01098791208791178	2462.3623558300783	320.00350992045423	3312.7068471470848	
935	0.0	0.08668241758241754	2464.8750174375	319.7250256231637	3315.259204118738	
936	0.0	0.0012208791208793855	2467.381543119141	319.2493200649769	3305.797553933895	
937	0.0	0.0012208791208793855	2469.8865348193362	318.88409097882686	3303.6204438977984	
938	0.0	-0.0012208791208793855	2472.3869245751957	318.4324711174704	3296.4739531508676	
939	0.0	-0.015871428571428647	2474.8857803496094	318.08185074524954	3295.326555961141	
940	0.0	-0.07691538461538447	2477.381568161133	317.7157905893837	3292.412424084783	
941	0.0	-0.0061043956043955825	2479.8727540283207	317.26366665866226	3284.831829070523	
942	0.0	-0.008546153846153681	2482.3624059140625	316.9127405529871	3283.4289719754597	
943	0.0	-0.018313186813186746	2484.8489898369144	316.54649496031925	3280.3646495983066	
944	0.0	-0.01342967032967055	2487.33097181543	316.0942585565208	3272.695842748313	
945	0.0	0.015871428571428647	2489.8114198125004	315.74326423245657	3271.2412312840206	
946	0.0	0.0012208791208793855	2492.2872658652345	315.3002781909454	3264.3116253893313	
947	0.0	-0.03540549450549411	2494.7600439550783	314.87819542312354	3259.3265768388355	
948	0.0	-0.003662637362637484	2497.2312880634768	314.5454902042984	3259.0308958995647	
949	0.0	-0.020754945054944844	2499.6979302275395	314.1135970661562	3252.51984427756	
950	0.0	0.01342967032967055	2502.1630384101563	313.7749415567523	3251.451134613015	
951	0.0	0.003662637362637484	2504.6220106669925	313.26274031259527	3240.728783296596	
952	0.0	-0.015871428571428647	2507.0809829238283	312.9520745455957	3242.1894350969633	
953	0.0	-0.03540549450549411	2509.5353532363283	312.53354901111743	3236.4009673328146	
954	0.0	-0.01342967032967055	2511.985121604492	312.04960321889666	3227.892770251383	
955	0.0	0.0061043956043955825	2514.4348899726565	311.75607525034866	3230.257037689038	
956	0.0	0.0012208791208793855	2516.8800563964846	311.3479443163087	3224.7501692600144	
957	0.0	-0.01342967032967055	2519.322154857422	310.94700224039843	3220.0861014306975	
958	0.0	-0.008546153846153681	2521.761185355469	310.5504204273748	3215.8214402895846	
959	0.0	-0.018313186813186746	2524.19561390918	310.07978417535196	3207.8962813287853	
960	0.0	-0.062264835164835206	2526.6300424628907	309.7943288512615	3210.4072326196583	
961	0.0	-0.020754945054944844	2529.0583350908205	309.3143951514212	3201.0288593385158	
962	0.0	-0.0061043956043955825	2531.485093737305	308.94660156768805	3198.968001599349	
963	0.0	-0.0061043956043955825	2533.9087844208984	308.5701253320731	3195.766849766531	
964	0.0	-0.01098791208791178	2536.3294071416017	308.1883828018763	3192.0090789369096	
965	0.0	-0.0061043956043955825	2538.746961899414	307.8034461023635	3187.995585880235	
966	0.0	-0.025638461538461714	2541.1614486943363	307.4165720411693	3183.8766547741798	
967	0.0	-0.025638461538461714	2543.572867526367	307.028522910623	3179.7238957974187	
968	0.0	-0.018313186813186746	2545.982752376953	306.71646013688587	3179.4038436529954	
969	0.0	-0.03540549450549411	2548.386501301758	306.2203882026661	3168.7220924095673	
970	0.0	-0.01098791208791178	2550.7887162451175	305.84280628466513	3166.1216252510167	
971	0.0	-0.0012208791208793855	2553.1893972070316	305.5370921963913	3166.5803336867575	
972	0.0	-0.015871428571428647	2555.583942243164	305.04487093462376	3156.272210528401	
973	0.0	-0.003662637362637484	2557.978487279297	304.74632363986166	3157.673440751534	
974	0.0	-0.0012208791208793855	2560.368430371094	304.3351483305014	3151.660504936055	
975	0.0	0.003662637362637484	2562.753771518555	303.85566067532636	3142.901874317331	
976	0.0	0.0012208791208793855	2565.1375786845706	303.4881376313715	3141.2099740796148	
977	0.0	-0.008546153846153681	2567.5183178876955	303.1118254864559	3138.2283997367704	
978	0.0	-0.01342967032967055	2569.89598912793	302.7301824821916	3134.601257981487	
979	0.0	-0.018313186813186746	2572.270592405274	302.3453061482287	3130.665447962936	
980	0.0	-0.023196703296702943	2574.6405937382815	301.88176962833677	3122.757741780706	
981	0.0	0.0012208791208793855	2577.009061089844	301.523921437285	3121.333933175205	
982	0.0	0.03296373626373601	2579.3744604785156	301.1534773874009	3118.3645328036127	
983	0.0	-0.008546153846153681	2581.736791904297	300.77539356291527	3114.6535334242762	
984	0.0	-0.01342967032967055	2584.0960553671875	300.3926759806054	3110.6115204009675	
985	0.0	0.008546153846153681	2586.4507168857426	299.9304488098278	3102.6058329594016	
986	0.0	-0.008546153846153681	2588.8053784042972	299.65009385136364	3104.9371905877706	
987	0.0	-0.01342967032967055	2591.1554379785157	299.24995275205583	3099.2055375695563	
988	0.0	-0.0061043956043955825	2593.502429589844	298.85385675600264	3094.2808990838585	
989	0.0	0.0012208791208793855	2595.8463532382816	298.4602142391959	3089.7828433895847	
990	0.0	-0.0061043956043955825	2598.187208923828	298.06805983268714	3085.5053747131697	
991	0.0	-0.01098791208791178	2600.5249966464844	297.6768080108013	3081.338560586004	
992	0.0	-0.015871428571428647	2602.8612503876957	297.36280270646967	3081.059781392969	
993	0.0	-0.020754945054944844	2605.1929021845704	296.94225164013915	3074.268220987704	
994	0.0	-0.01342967032967055	2607.5214860185547	296.53377637296217	3069.0180655402037	
995	0.0	-0.0012208791208793855	2609.848535871094	296.2093245206779	3068.3500095699055	
996	0.0	0.0061043956043955825	2612.170983779297	295.7824373024778	3061.484771570311	
997	0.0	-0.015871428571428647	2614.4918977060547	295.4468180371623	3060.123401231369	
998	0.0	-0.008546153846153681	2616.808209688477	295.0131574404659	3053.011286065328	
999	0.0	-0.018313186813186746	2619.121453708008	294.5967308410327	3047.7705410757335	
1000	0.0	-0.018313186813186746	2621.433163746094	294.26745626179036	3047.2318260774027	
1001	0.0	-0.020754945054944844	2623.740271839844	293.83764391178556	3040.5200247007906	
1002	0.0	-0.003662637362637484	2626.0443119707033	293.4235513919557	3035.4622468937996	
1003	0.0	-0.003662637362637484	2628.345284138672	293.018993431353	3031.163261482432	
1004	0.0	-0.01098791208791178	2630.6447223251957	292.6969175457489	3031.011210117007	
1005	0.0	-0.020754945054944844	2632.9410925488282	292.3481704965525	3028.2569550541175	
1006	0.0	-0.0012208791208793855	2635.232860828125	291.9065474961826	3020.504133143857	
1007	0.0	-0.01098791208791178	2637.5215611445315	291.4852914545627	3014.9985852438567	
1008	0.0	-0.0061043956043955825	2639.810261460938	291.22978674279875	3018.209304540029	
1009	0.0	-0.0061043956043955825	2642.094359833008	290.84471808039234	3012.6246211849884	
1010	0.0	-0.01098791208791178	2644.3738562607423	290.38106490741484	3003.719813210235	
1011	0.0	-0.01342967032967055	2646.653352688477	290.0998450349434	3005.527999202215	
1012	0.0	0.03052197802197791	2648.92671319043	289.62248026637826	2995.657521246658	
1013	0.0	-0.01098791208791178	2651.200073692383	289.3329438906221	2997.093196885391	
1014	0.0	-0.018313186813186746	2653.46883225	288.92723398000817	2990.961044782154	
1015	0.0	-0.003662637362637484	2655.7345228447266	288.5277603290742	2985.880079345583	
1016	0.0	0.0012208791208793855	2657.9971454765628	288.13206916095805	2981.3397248557885	
1017	0.0	-0.0061043956043955825	2660.2582341269535	287.81537125693285	2980.9034082370817	
1018	0.0	-0.015871428571428647	2662.514720833008	287.39318704619654	2974.0581630943834	
1019	0.0	-0.01342967032967055	2664.768139576172	286.98372122683213	2968.8008395536217	
1020	0.0	-0.015871428571428647	2667.020024337891	286.6586685743532	2968.1438377618106	
1021	0.0	-0.1281923076923079	2669.265773173828	286.15471788018476	2957.4596925388196	
1022	0.0	-0.018313186813186746	2671.511522009766	285.84905632492155	2958.815231807628	
1023	0.0	0.0061043956043955825	2673.7526689013675	285.4335659982462	2952.885200848801	
1024	0.0	0.003662637362637484	2675.9922818115238	285.1048592972802	2951.9138549040163	
1025	0.0	-0.018313186813186746	2678.227292777344	284.6753913827997	2944.9308197884347	
1026	0.0	-0.008546153846153681	2680.4592357802735	284.2615077737428	2939.703174861308	
1027	0.0	-0.003662637362637484	2682.689644801758	283.9337755961751	2939.1328651418116	
1028	0.0	-0.025638461538461714	2684.916985860352	283.581597832439	2936.2128718029944	
1029	0.0	-0.023196703296702943	2687.1397249746096	283.13789399847155	2928.4128678516245	
1030	0.0	-0.015871428571428647	2689.360930107422	282.7920749397308	2926.7460105635346	
1031	0.0	-0.015871428571428647	2691.579067277344	282.4289269277069	2923.442155797533	
1032	0.0	-0.0012208791208793855	2693.794136484375	282.05526837383513	2919.414855324985	
