0	0.0	-0.015871428571428647	0.0	0.0	0.0	
1	0.0	-0.018313186813186746	0.0	0.0	0.0	
2	0.0	-0.025638461538461714	0.0	0.0	0.0	
3	0.0	-0.03296373626373601	0.0	0.0	0.0	
4	0.0	-0.03296373626373601	0.0	0.0	0.0	
5	0.0	-0.03052197802197791	0.0	0.0	0.0	
6	0.0	-0.015871428571428647	0.0	0.0	0.0	
7	0.0	-0.018313186813186746	0.0	0.0	0.0	
8	0.0	-0.020754945054944844	0.0	0.0	0.0	
9	0.0	-0.03296373626373601	0.0	0.0	0.0	
10	0.0	-0.020754945054944844	0.0	0.0	0.0	
11	0.0	-0.01098791208791178	0.0	0.0	0.0	
12	0.0	-0.008546153846153681	0.0	0.0	0.0	
13	0.0	-0.0012208791208793855	0.0	0.0	0.0	
14	0.0	-0.008546153846153681	0.0	0.0	0.0	
15	0.0	-0.015871428571428647	0.0	0.0	0.0	
16	0.0	-0.020754945054944844	0.0	0.0	0.0	
17	0.0	-0.01098791208791178	0.0	0.0	0.0	
18	0.0	-0.023196703296702943	0.0	0.0	0.0	
19	0.0	-0.01098791208791178	0.0	0.0	0.0	
20	0.0	-0.008546153846153681	0.0	0.0	0.0	
21	0.0	0.0012208791208793855	0.0	0.0	0.0	
22	0.0	-0.023196703296702943	0.0	0.0	0.0	
23	0.0	-0.0012208791208793855	0.0	0.0	0.0	
24	0.0	-0.01342967032967055	0.0	0.0	0.0	
25	0.0	-0.020754945054944844	0.0	0.0	0.0	
26	0.0	-0.020754945054944844	0.0	0.0	0.0	
27	0.0	-0.01342967032967055	0.0	0.0	0.0	
28	0.0	-0.020754945054944844	0.0	0.0	0.0	
29	0.0	-0.023196703296702943	0.0	0.0	0.0	
30	0.0	-0.018313186813186746	0.0	0.0	0.0	
31	0.0	-0.003662637362637484	0.0	0.0	0.0	
32	0.0	-0.01098791208791178	0.0	0.0	0.0	
33	0.0	-0.018313186813186746	0.0	0.0	0.0	
34	0.0	-0.015871428571428647	0.0	0.0	0.0	
35	0.0	-0.020754945054944844	0.0	0.0	0.0	
36	0.0	-0.03052197802197791	0.0	0.0	0.0	
37	0.0	-0.01342967032967055	0.0	0.0	0.0	
38	0.0	-0.01098791208791178	0.0	0.0	0.0	
39	0.0	-0.015871428571428647	0.0	0.0	0.0	
40	0.0	-0.003662637362637484	0.0	0.0	0.0	
41	0.0	-0.03784725274725288	0.0	0.0	0.0	
42	0.0	0.0012208791208793855	0.0	0.0	0.0	
43	0.0	-0.028080219780219812	0.0	0.0	0.0	
44	0.0	-0.01098791208791178	0.0	0.0	0.0	
45	0.0	-0.018313186813186746	0.0	0.0	0.0	
46	0.0	-0.03540549450549411	0.0	0.0	0.0	
47	0.0	-0.0061043956043955825	0.0	0.0	0.0	
48	0.0	-0.025638461538461714	0.0	0.0	0.0	
49	0.0	-0.018313186813186746	0.0	0.0	0.0	
50	0.0	-0.015871428571428647	0.0	0.0	0.0	
51	0.0	0.008546153846153681	0.0	0.0	0.0	
52	0.0	-0.018313186813186746	0.0	0.0	0.0	
53	0.0	-0.015871428571428647	0.0	0.0	0.0	
54	0.0	-0.018313186813186746	0.0	0.0	0.0	
55	0.0	-0.01342967032967055	0.0	0.0	0.0	
56	0.0	-0.018313186813186746	0.0	0.0	0.0	
57	0.0	-0.020754945054944844	0.0	0.0	0.0	
58	0.0	-0.015871428571428647	0.0	0.0	0.0	
59	0.0	-0.01098791208791178	0.0	0.0	0.0	
60	0.0	-0.01098791208791178	0.0	0.0	0.0	
61	0.0	-0.008546153846153681	0.0	0.0	0.0	
62	0.0	-0.018313186813186746	0.0	0.0	0.0	
63	0.0	-0.0061043956043955825	0.0	0.0	0.0	
64	0.0	-0.018313186813186746	0.0	0.0	0.0	
65	0.0	-0.008546153846153681	0.0	0.0	0.0	
66	0.0	-0.0061043956043955825	0.0	0.0	0.0	
67	0.0	-0.01098791208791178	0.0	0.0	0.0	
68	0.0	-0.008546153846153681	0.0	0.0	0.0	
69	0.0	-0.0061043956043955825	0.0	0.0	0.0	
70	0.0	0.0012208791208793855	0.0	0.0	0.0	
71	0.0	-0.020754945054944844	0.0	0.0	0.0	
72	0.0	-0.020754945054944844	0.0	0.0	0.0	
73	0.0	-0.008546153846153681	0.0	0.0	0.0	
74	0.0	-0.015871428571428647	0.0	0.0	0.0	
75	0.0	-0.023196703296702943	0.0	0.0	0.0	
76	0.0	-0.01342967032967055	0.0	0.0	0.0	
77	0.0	-0.020754945054944844	0.0	0.0	0.0	
78	0.0	-0.018313186813186746	0.0	0.0	0.0	
79	0.0	-0.020754945054944844	0.0	0.0	0.0	
80	0.0	-0.020754945054944844	0.0	0.0	0.0	
81	0.0	-0.018313186813186746	0.0	0.0	0.0	
82	0.0	-0.015871428571428647	0.0	0.0	0.0	
83	0.0	-0.025638461538461714	0.0	0.0	0.0	
84	0.0	-0.03296373626373601	0.0	0.0	0.0	
85	0.0	-0.028080219780219812	0.0	0.0	0.0	
86	0.0	-0.0061043956043955825	0.0	0.0	0.0	
87	0.0	0.0012208791208793855	0.0	0.0	0.0	
88	0.0	-0.018313186813186746	0.0	0.0	0.0	
89	0.0	-0.015871428571428647	0.0	0.0	0.0	
90	0.0	-0.01342967032967055	0.0	0.0	0.0	
91	0.0	-0.01342967032967055	0.0	0.0	0.0	
92	0.0	-0.01342967032967055	0.0	0.0	0.0	
93	0.0	-0.023196703296702943	0.0	0.0	0.0	
94	0.0	-0.01342967032967055	0.0	0.0	0.0	
95	0.0	-0.020754945054944844	0.0	0.0	0.0	
96	0.0	-0.020754945054944844	0.0	0.0	0.0	
97	0.0	-0.0061043956043955825	0.0	0.0	0.0	
98	0.0	-0.01342967032967055	0.0	0.0	0.0	
99	0.0	0.0012208791208793855	0.0	0.0	0.0	
100	0.0	-0.003662637362637484	0.0	0.0	0.0	
101	0.0	-0.018313186813186746	0.0	0.0	0.0	
102	0.0	-0.015871428571428647	0.0	0.0	0.0	
103	0.0	-0.03052197802197791	0.0	0.0	0.0	
104	0.0	-0.015871428571428647	0.0	0.0	0.0	
105	0.0	-0.023196703296702943	0.0	0.0	0.0	
106	0.0	-0.0012208791208793855	0.0	0.0	0.0	
107	0.0	-0.01098791208791178	0.0	0.0	0.0	
108	0.0	0.0012208791208793855	0.0	0.0	0.0	
109	0.0	-0.018313186813186746	0.0	0.0	0.0	
110	0.0	-0.008546153846153681	0.0	0.0	0.0	
111	0.0	0.03784725274725288	0.0	0.0	0.0	
112	0.0	-0.008546153846153681	0.0	0.0	0.0	
113	0.0	-0.025638461538461714	0.0	0.0	0.0	
114	0.0	0.0012208791208793855	0.0	0.0	0.0	
115	0.0	-0.015871428571428647	0.0	0.0	0.0	
116	0.0	-0.01342967032967055	0.0	0.0	0.0	
117	0.0	0.0061043956043955825	0.0	0.0	0.0	
118	0.0	-0.01342967032967055	0.0	0.0	0.0	
119	0.0	-0.01098791208791178	0.0	0.0	0.0	
120	0.0	-0.003662637362637484	0.0	0.0	0.0	
121	0.0	-0.01342967032967055	0.0	0.0	0.0	
122	0.0	-0.0012208791208793855	0.0	0.0	0.0	
123	0.0	-0.015871428571428647	0.0	0.0	0.0	
124	0.0	-0.01098791208791178	0.0	0.0	0.0	
125	0.0	-0.01098791208791178	0.0	0.0	0.0	
126	0.0	-0.03540549450549411	0.0	0.0	0.0	
127	0.0	-0.0061043956043955825	0.0	0.0	0.0	
128	0.0	-0.01098791208791178	0.0	0.0	0.0	
129	0.0	-0.0012208791208793855	0.0	0.0	0.0	
130	0.0	-0.0012208791208793855	0.0	0.0	0.0	
131	0.0	-0.0061043956043955825	0.0	0.0	0.0	
132	0.0	-0.008546153846153681	0.0	0.0	0.0	
133	0.0	-0.015871428571428647	0.0	0.0	0.0	
134	0.0	-0.01342967032967055	0.0	0.0	0.0	
135	0.0	0.003662637362637484	0.0	0.0	0.0	
136	0.0	-0.01342967032967055	0.0	0.0	0.0	
137	0.0	0.01342967032967055	0.0	0.0	0.0	
138	0.0	-0.023196703296702943	0.0	0.0	0.0	
139	0.0	-0.01342967032967055	0.0	0.0	0.0	
140	0.0	-0.01098791208791178	0.0	0.0	0.0	
141	0.0	0.0012208791208793855	0.0	0.0	0.0	
142	0.0	-0.020754945054944844	0.0	0.0	0.0	
143	0.0	-0.020754945054944844	0.0	0.0	0.0	
144	0.0	-0.015871428571428647	0.0	0.0	0.0	
145	0.0	-0.015871428571428647	0.0	0.0	0.0	
146	0.0	-0.003662637362637484	0.0	0.0	0.0	
147	0.0	0.020754945054944844	0.0	0.0	0.0	
148	0.0	-0.003662637362637484	0.0	0.0	0.0	
149	0.0	0.0061043956043955825	0.0	0.0	0.0	
150	0.0	-0.015871428571428647	0.0	0.0	0.0	
151	0.0	-0.003662637362637484	0.0	0.0	0.0	
152	0.0	-0.01342967032967055	0.0	0.0	0.0	
153	0.0	-0.015871428571428647	0.0	0.0	0.0	
154	0.0	-0.020754945054944844	0.0	0.0	0.0	
155	0.0	0.0012208791208793855	0.0	0.0	0.0	
156	0.0	0.008546153846153681	0.0	0.0	0.0	
157	0.0	-0.01342967032967055	0.0	0.0	0.0	
158	0.0	-0.008546153846153681	0.0	0.0	0.0	
159	0.0	-0.0061043956043955825	0.0	0.0	0.0	
160	0.0	-0.01098791208791178	0.0	0.0	0.0	
161	0.0	-0.003662637362637484	0.0	0.0	0.0	
162	0.0	-0.01098791208791178	0.0	0.0	0.0	
163	0.0	-0.01342967032967055	0.0	0.0	0.0	
164	0.0	-0.01342967032967055	0.0	0.0	0.0	
165	0.0	0.01098791208791178	0.0	0.0	0.0	
166	0.0	0.003662637362637484	0.0	0.0	0.0	
167	0.0	0.008546153846153681	0.0	0.0	0.0	
168	0.0	-0.008546153846153681	0.0	0.0	0.0	
169	0.0	-0.018313186813186746	0.0	0.0	0.0	
170	0.0	-0.03052197802197791	0.0	0.0	0.0	
171	0.0	-0.025638461538461714	0.0	0.0	0.0	
172	0.0	-0.025638461538461714	0.0	0.0	0.0	
173	0.0	-0.020754945054944844	0.0	0.0	0.0	
174	0.0	-0.01098791208791178	0.0	0.0	0.0	
175	0.0	0.0012208791208793855	0.0	0.0	0.0	
176	0.0	-0.0061043956043955825	0.0	0.0	0.0	
177	0.0	0.0012208791208793855	0.0	0.0	0.0	
178	0.0	0.0012208791208793855	0.0	0.0	0.0	
179	0.0	-0.008546153846153681	0.0	0.0	0.0	
180	0.0	-0.008546153846153681	0.0	0.0	0.0	
181	0.0	-0.01342967032967055	0.0	0.0	0.0	
182	0.0	-0.018313186813186746	0.0	0.0	0.0	
183	0.0	-0.023196703296702943	0.0	0.0	0.0	
184	0.0	-0.003662637362637484	0.0	0.0	0.0	
185	0.0	-0.003662637362637484	0.0	0.0	0.0	
186	0.0	-0.01098791208791178	0.0	0.0	0.0	
187	0.0	-0.015871428571428647	0.0	0.0	0.0	
188	0.0	-0.018313186813186746	0.0	0.0	0.0	
189	0.0	-0.003662637362637484	0.0	0.0	0.0	
190	0.0	-0.025638461538461714	0.0	0.0	0.0	
191	0.0	-0.023196703296702943	0.0	0.0	0.0	
192	0.0	-0.015871428571428647	0.0	0.0	0.0	
193	0.0	-0.01098791208791178	0.0	0.0	0.0	
194	0.0	-0.01098791208791178	0.0	0.0	0.0	
195	0.0	0.008546153846153681	0.0	0.0	0.0	
196	0.0	-0.03052197802197791	0.0	0.0	0.0	
197	0.0	0.0012208791208793855	0.0	0.0	0.0	
198	0.0	-0.01342967032967055	0.0	0.0	0.0	
199	0.0	-0.020754945054944844	0.0	0.0	0.0	
200	50.0	-0.01342967032967055	0.0	0.0	0.0	
201	50.0	-0.020754945054944844	0.041417499023437505	2.0708749511718754	103.54374755859376	
202	50.0	-0.01098791208791178	0.19481564355468753	8.925956410981296	414.0983129479138	
203	50.0	-0.020754945054944844	0.4540585078125	18.37600959039758	760.4830657240733	
204	50.0	-0.008546153846153681	0.8206800732421876	29.476691793840985	1092.086325020161	
205	50.0	0.7386318681318674	1.29468033984375	41.57853113535013	1389.0589444529417	
206	50.0	1.3588384615384614	1.8729913447265627	54.13420484824161	1641.7903736898786	
207	50.0	1.822772527472527	2.5571470693359375	67.04184210154702	1864.466562390768	
208	50.0	2.164618681318681	3.3502154765625	80.3163541835417	2071.110641434042	
209	50.0	2.435653846153847	4.244526659179688	93.42989174212669	2243.151542753953	
210	50.0	2.599251648351648	5.244682561523438	106.67589053097703	2408.2123680294458	
211	50.0	2.733548351648352	6.349149202148438	119.92553204712232	2563.145003489163	
212	50.0	2.826335164835164	7.557926581054688	133.1773829891169	2711.8779412917593	
213	50.0	2.909354945054945	8.84186905078125	144.97329164261873	2783.952099829662	
214	50.0	2.9459813186813184	10.125811520507813	152.12787209438665	2644.2557062169144	
215	50.0	2.9997000000000003	11.366802509765625	154.31977059014503	2340.902106283702	
216	50.0	2.9508648351648343	12.549502204101563	152.7346595208017	1977.0993329930552	
217	50.0	2.4625131868131866	13.681580510742188	149.2421716473267	1654.534810298689	
218	50.0	1.668941758241758	14.778377244140627	145.35979195376797	1424.9894042770738	
219	50.0	0.8729285714285716	15.855232218750002	142.00792163359233	1296.2748108088072	
220	50.0	0.2600472527472526	16.918281360351564	139.28461781143744	1235.8082574734462	
221	50.0	-0.07935714285714324	17.973660594726564	137.24935514141362	1222.3026280064378	
222	50.0	-0.21121208791208795	19.025971866210938	135.86150775342844	1238.0869235115133	
223	50.0	-0.20632857142857108	20.07981711914063	135.09643481102478	1273.0748223945939	
224	50.0	-0.18435274725274686	21.132128390625002	134.5556955296761	1302.3570272278857	
225	50.0	-0.10865824175824176	22.189041606445315	134.45781778451942	1340.0302610388771	
226	50.0	-0.047614285714285276	23.242886859375	134.24505378503454	1356.7322019401981	
227	50.0	0.03052197802197791	24.301334056640627	134.34610310935773	1381.675515570394	
228	50.0	0.08912417582417563	25.35824727246094	134.3306935521016	1391.3982566114419	
229	50.0	0.11354175824175797	26.41976243261719	134.55144439971582	1409.039857433435	
230	50.0	0.1379593406593403	27.47974361132813	134.6086374883214	1412.472677144713	
231	50.0	0.16970219780219825	28.544326734375	134.87342406782273	1425.170367665506	
232	50.0	0.1623769230769233	29.607375875976565	134.95732617866565	1424.9198537303037	
233	50.0	0.20144505494505557	30.671958999023442	135.08491445495383	1427.2982903877373	
234	50.0	0.18679450549450563	31.736542122070315	135.16230065844297	1426.7570475435823	
235	50.0	0.19900329670329678	32.79959126367188	135.1325386925073	1421.3905551579628	
236	50.0	0.20388681318681365	33.86417438671875	135.19118621944904	1422.4333277501046	
237	50.0	0.21365384615384672	34.928757509765624	135.2267577436212	1422.1539058442395	
238	50.0	0.1892362637362644	35.993340632812505	135.24833296423162	1421.4313353100006	
239	50.0	0.18679450549450563	37.05792375585938	135.2614189973758	1420.6576065006075	
240	50.0	0.1892362637362644	38.12097289746094	135.19265700564097	1416.149891230245	
241	50.0	0.1941197802197806	39.18709000195313	135.30434889282992	1422.1548935761866	
242	50.0	0.17458571428571446	40.25013914355469	135.21869530415938	1416.3905357534104	
243	50.0	0.18191098901098943	41.31625624804688	135.3201419196373	1421.8959889843436	
244	50.0	0.17214395604395635	42.38083937109376	135.30497333165408	1419.8228940348936	
245	50.0	0.20877032967032985	43.44542249414063	135.29577311772778	1418.8013508677222	
246	50.0	0.19900329670329678	44.5100056171875	135.29019290575343	1418.3248053847446	
247	50.0	0.18191098901098943	45.57305475878907	135.2101092637472	1414.2875776133997	
248	50.0	0.18191098901098943	46.639171863281256	135.31493422274116	1420.7539825190497	
249	50.0	0.17946923076923132	47.70375498632813	135.30181470373464	1419.2112052350358	
250	50.0	0.17214395604395635	48.768338109375	135.29385731299953	1418.4794555479948	
251	50.0	0.17458571428571446	49.834455213867194	135.36572998368274	1421.9943079723025	
252	50.0	0.17214395604395635	50.89903833691407	135.3326238909649	1419.1736903109295	
253	50.0	0.18191098901098943	51.96362145996094	135.3125440301642	1417.9776573841127	
254	50.0	0.17946923076923132	53.02820458300782	135.30036497861374	1417.564443369709	
255	50.0	0.15016813186813147	54.094321687500006	135.36967708250768	1421.3381389805663	
256	50.0	0.18191098901098943	55.15890481054688	135.33501792748484	1418.7143312535745	
257	50.0	0.17702747252747322	56.225021915039065	135.39069515901838	1421.496771373104	
258	50.0	0.17702747252747322	57.289605038085945	135.34776603564296	1418.4837419430914	
259	50.0	0.1916780219780225	58.352654179687505	135.2450291331479	1413.488787566619	
260	50.0	0.17458571428571446	59.41723730273438	135.25941512247482	1415.891578075958	
261	50.0	0.1623769230769233	60.48182042578126	135.26814066630914	1417.1252601413598	
262	50.0	0.15505164835164767	61.547937530273444	135.35013204857523	1421.5728085113678	
263	50.0	0.18435274725274753	62.61252065332032	135.3231632648367	1419.1605662813454	
264	50.0	0.1941197802197806	63.6786377578125	135.38350494246697	1421.951751738893	
265	50.0	0.18191098901098943	64.74322088085938	135.34340494873504	1418.8715003392845	
266	50.0	0.18679450549450563	65.80933798535156	135.39578214468838	1421.4616915859197	
267	50.0	0.17702747252747322	66.87392110839845	135.3508514485011	1418.3833687304432	
268	50.0	0.1965615384615387	67.94003821289063	135.40029867522662	1421.0498410613272	
269	50.0	0.1916780219780225	69.0046213359375	135.35359086282233	1418.0633423693362	
270	50.0	0.16970219780219825	70.06920445898439	135.32526114178154	1416.978187186718	
271	50.0	0.16481868131868208	71.13225360058594	135.2313792246573	1412.9255452896377	
272	50.0	0.17214395604395635	72.19837070507813	135.32783510651416	1419.5971469235228	
273	50.0	0.17458571428571446	73.2614198466797	135.23294041322697	1414.4740027871194	
274	50.0	0.17214395604395635	74.3290709326172	135.40548108753956	1424.347012986047	
275	50.0	0.17946923076923132	75.39212007421875	135.28003508260053	1416.1476446628367	
276	50.0	0.20144505494505557	76.45823717871095	135.35734637693304	1420.7949114822895	
277	50.0	0.18191098901098943	77.52282030175782	135.32753897629482	1418.576574114676	
278	50.0	0.21121208791208795	78.58893740625001	135.38615894569466	1421.5295057511848	
279	50.0	0.16970219780219825	79.65505451074219	135.42171375537418	1422.4090823874076	
280	50.0	0.21121208791208795	80.71963763378906	135.3665797658623	1418.5547862985177	
281	50.0	0.18191098901098943	81.78575473828126	135.4098383821929	1420.9092554709332	
282	50.0	0.1599351648351652	82.85033786132813	135.35937698773887	1417.8297424202628	
283	50.0	0.1916780219780225	83.914920984375	135.32877060404053	1416.7465346678573	
284	50.0	0.17946923076923132	84.9810380888672	135.3869059657054	1420.400380421739	
285	50.0	0.18679450549450563	86.04562121191407	135.34546777366086	1417.8776644005193	
286	50.0	0.1941197802197806	87.11173831640626	135.39703331128476	1420.8268252621283	
287	50.0	0.1892362637362644	88.17632143945313	135.35161031942334	1417.9788487588003	
288	50.0	0.18191098901098943	89.24243854394533	135.40075895371956	1420.7926877985346	
289	50.0	0.17214395604395635	90.3070216669922	135.35387003584765	1417.9002142738154	
290	50.0	0.18679450549450563	91.37313877148438	135.40212954105118	1420.7098578155983	
291	50.0	0.16970219780219825	92.43925587597657	135.43140041137394	1421.6636180479136	
292	50.0	0.1599351648351652	93.50383899902344	135.37245501988036	1417.9520239598223	
293	50.0	0.18191098901098943	94.56842212207032	135.33670283171614	1416.6173551790916	
294	50.0	0.18435274725274753	95.63300524511719	135.31501803285664	1416.3637392963847	
295	50.0	0.1892362637362644	96.69758836816408	135.30186553714066	1416.5470849024314	
296	50.0	0.17946923076923132	97.76370547265626	135.370587217285	1420.6977480588084	
297	50.0	0.18435274725274753	98.82828859570313	135.33556995214713	1418.3117630607649	
298	50.0	0.21121208791208795	99.89440570019532	135.39102997891132	1421.2440181239808	
299	50.0	0.19900329670329678	100.95745484179689	135.27127004191243	1414.490279701351	
300	50.0	0.18679450549450563	102.02510592773439	135.42872918314242	1423.760907791826	
301	50.0	0.1892362637362644	103.08815506933594	135.29413576574552	1415.430675160892	
302	50.0	0.15016813186813147	104.15580615527345	135.44259794608206	1423.9757531650557	
303	50.0	0.18679450549450563	105.22038927832033	135.37924666817526	1419.1802972181831	
304	50.0	0.19900329670329678	106.2865063828125	135.41752124701725	1421.0916925914853	
305	50.0	0.17946923076923132	107.3526234873047	135.4407359531997	1421.655890833602	
306	50.0	0.18679450549450563	108.41567262890626	135.30141824010934	1413.967227589922	
307	50.0	0.18679450549450563	109.48178973339844	135.370315917914	1419.1399403663036	
308	50.0	0.18191098901098943	110.54637285644532	135.33540540075683	1417.3711232725818	
309	50.0	0.17702747252747322	111.6109559794922	135.31423110117794	1416.8410961915652	
310	50.0	0.1623769230769233	112.67553910253908	135.30138823893776	1416.848852303261	
311	50.0	0.17214395604395635	113.74012222558595	135.29359864902017	1417.0532470195858	
312	50.0	0.18191098901098943	114.80470534863282	135.2888740237786	1417.298337036298	
313	50.0	0.1916780219780225	115.8692884716797	135.2860083936357	1417.5204536453512	
314	50.0	0.1892362637362644	116.9369395576172	135.4376684455774	1425.3696383627566	
315	50.0	0.18191098901098943	118.00152268066407	135.37625677490178	1420.1023788985349	
316	50.0	0.1965615384615387	119.06763978515626	135.41570778502592	1421.697452506054	
317	50.0	0.1965615384615387	120.13222290820313	135.36293696060784	1418.2165462499697	
318	50.0	0.1965615384615387	121.1952720498047	135.25423076452535	1413.0908363307644	
319	50.0	0.1623769230769233	122.26138915429688	135.3416952664411	1419.342088232478	
320	50.0	0.17458571428571446	123.32597227734377	135.3180460976646	1417.93874738059	
321	50.0	0.18679450549450563	124.39208938183594	135.38040122360235	1421.290246624958	
322	50.0	0.17946923076923132	125.45513852343751	135.26482337576817	1414.6835825167318	
323	50.0	0.18191098901098943	126.51972164648438	135.2714209378355	1416.308482223847	
324	50.0	0.16726043956044018	127.58277078808595	135.19872348935223	1413.356496315102	
325	50.0	0.17946923076923132	128.64735391113283	135.23132932903263	1416.5313340448538	
326	50.0	0.17702747252747322	129.7119370341797	135.25110577102168	1417.949990616462	
327	50.0	0.1892362637362644	130.77652015722657	135.26310078975257	1418.5029504824588	
328	50.0	0.18191098901098943	131.84110328027344	135.27037613657285	1418.6518301101823	
329	50.0	0.1892362637362644	132.90568640332032	135.2747888576023	1418.6290076553714	
330	50.0	0.16970219780219825	133.96873554492188	135.20076623600835	1414.711599246929	
331	50.0	0.16726043956044018	135.03485264941406	135.30926738980452	1421.1564370075748	
332	50.0	0.16970219780219825	136.09790179101563	135.22167852345592	1415.7084647579932	
333	50.0	0.16970219780219825	137.16401889550784	135.32195133365713	1421.4359066847692	
334	50.0	0.17946923076923132	138.22706803710938	135.22937172449656	1415.6807522752179	
335	50.0	0.18679450549450563	139.29318514160158	135.32661749608542	1421.2994785886704	
336	50.0	0.18679450549450563	140.35623428320315	135.23220189514996	1415.5254514777262	
337	50.0	0.17458571428571446	141.42235138769533	135.32833408140596	1421.1612782877073	
338	50.0	0.20144505494505557	142.4869345107422	135.3099421290708	1419.249891620755	
339	50.0	0.1892362637362644	143.55151763378908	135.29878684578307	1418.3765487594374	
340	50.0	0.17702747252747322	144.61610075683595	135.29202082427219	1418.020290184354	
341	50.0	0.17702747252747322	145.68068387988282	135.28791702466515	1417.9094115762919	
342	50.0	0.17458571428571446	146.7437330214844	135.20872887205405	1414.0710156218356	
343	50.0	0.17702747252747322	147.80985012597657	135.3140969728347	1420.6440943870448	
344	50.0	0.18435274725274753	148.87443324902344	135.3013068859782	1419.1575728975376	
345	50.0	0.20388681318681365	149.94055035351565	135.37024837821718	1422.289775432395	
346	50.0	0.16481868131868208	151.00359949511721	135.2586653635899	1415.4476914092038	
347	50.0	0.17946923076923132	152.0697165996094	135.34438498680993	1420.7026406845216	
348	50.0	0.17946923076923132	153.13276574121096	135.2429784233127	1414.8871887884643	
349	50.0	0.1916780219780225	154.19888284570314	135.33487037631767	1420.606590893257	
350	50.0	0.16726043956044018	155.26346596875	135.31390659244607	1418.8118255142535	
351	50.0	0.17458571428571446	156.32804909179688	135.30119141443902	1418.04920579572	
352	50.0	0.17458571428571446	157.39263221484376	135.29347926892297	1417.7843586090103	
353	50.0	0.1965615384615387	158.45568135644533	135.2121025438255	1413.908681240613	
354	50.0	0.18679450549450563	159.5202644794922	135.23944413598747	1416.658223627861	
355	50.0	0.18435274725274753	160.58484760253907	135.25602765037092	1417.9007779728363	
356	50.0	0.18679450549450563	161.64943072558594	135.26608606056107	1418.3965724549462	
357	50.0	0.1892362637362644	162.71401384863282	135.27218679489488	1418.5408913571719	
358	50.0	0.1916780219780225	163.77706299023438	135.1991880051528	1414.698612819726	
359	50.0	0.18679450549450563	164.84318009472656	135.3083101443808	1421.1730998512066	
360	50.0	0.17702747252747322	165.90622923632813	135.22109792474203	1415.7334552492675	
361	50.0	0.18191098901098943	166.97234634082034	135.32159918272737	1421.460091765981	
362	50.0	0.16970219780219825	168.0369294638672	135.30585720642193	1419.5358503874077	
363	50.0	0.18679450549450563	169.10151258691408	135.29630921489115	1418.6135069463962	
364	50.0	0.17946923076923132	170.16609570996096	135.29051806513053	1418.2025366458656	
365	50.0	0.18191098901098943	171.22914485156252	135.21030648287888	1414.2083620519106	
366	50.0	0.17946923076923132	172.2937279746094	135.23835476992463	1416.86791572741	
367	50.0	0.1599351648351652	173.35677711621096	135.1786678441713	1414.2099473262024	
368	50.0	0.1892362637362644	174.42289422070314	135.29586403726353	1421.1957719998509	
369	50.0	0.17946923076923132	175.48747734375002	135.2902480512421	1419.775681568376	
370	50.0	0.1965615384615387	176.5520604667969	135.28684178344338	1419.001674696231	
371	50.0	0.1599351648351652	177.61664358984376	135.28477577753256	1418.5851789758299	
372	50.0	0.18435274725274753	178.67969273144533	135.20682360930368	1414.5297317317345	
373	50.0	0.19900329670329678	179.7458098359375	135.31294137252917	1420.951944224952	
374	50.0	0.17946923076923132	180.81039295898438	135.30060597894953	1419.362261403241	
375	50.0	0.18679450549450563	181.87497608203125	135.29312418433983	1418.5898699019826	
376	50.0	0.17702747252747322	182.93955920507813	135.2885862463936	1418.2377232826648	
377	50.0	0.18191098901098943	184.0026083466797	135.20913477556132	1414.2597411847373	
378	50.0	0.17214395604395635	185.06719146972657	135.23764409349678	1416.9172973266777	
379	50.0	0.18679450549450563	186.13177459277344	135.25493586937955	1418.0859025210439	
380	50.0	0.17946923076923132	187.19789169726565	135.3421229341693	1422.360785610702	
381	50.0	0.17214395604395635	188.2609408388672	135.2416064189929	1415.9280766325192	
382	50.0	0.17946923076923132	189.3270579433594	135.33403821360844	1421.259254247071	
383	50.0	0.1623769230769233	190.39164106640627	135.31340186023044	1419.2206249455312	
384	50.0	0.1916780219780225	191.45622418945314	135.30088527886437	1418.3050031438252	
385	50.0	0.17702747252747322	192.52234129394532	135.36999266056773	1421.7792211847936	
386	50.0	0.18191098901098943	193.5869244169922	135.33520933526052	1418.976954298265	
387	50.0	0.18679450549450563	194.6515075400391	135.3141121814424	1417.8181305420248	
388	50.0	0.19900329670329678	195.71762464453127	135.3780151827341	1421.2782562744133	
389	50.0	0.18679450549450563	196.78067378613284	135.26337616878482	1414.7134099434643	
390	50.0	0.16726043956044018	197.84679089062502	135.34724223466765	1420.1840293393898	
391	50.0	0.1574934065934071	198.90984003222658	135.24471143178926	1414.5282084789205	
392	50.0	0.18435274725274753	199.97749111816407	135.41262057138738	1424.1968658289243	
393	50.0	0.17946923076923132	201.04054025976563	135.28436539856193	1415.9455657884791	
394	50.0	0.1965615384615387	202.1051233828125	135.28327377414098	1416.7700598520769	
395	50.0	0.17458571428571446	203.16970650585938	135.2826116704382	1417.2871141841097	
396	50.0	0.18679450549450563	204.2358236103516	135.3589091564936	1421.4459719928154	
397	50.0	0.17946923076923132	205.30040673339846	135.32848685003592	1418.9471630245635	
398	50.0	0.1916780219780225	206.36498985644533	135.31003478793173	1417.904587432513	
399	50.0	0.1892362637362644	207.4295729794922	135.2988430462301	1417.5591397716616	
400	0.0	0.1623769230769233	208.49415610253908	135.29205491156245	1417.5236327116081	
401	0.0	0.17458571428571446	209.55413728125	135.05784048285932	1406.1027827292337	
402	0.0	0.17946923076923132	210.6064485527344	134.5322868857129	1383.6426593471388	
403	0.0	0.17946923076923132	211.65262389843753	133.90672621800877	1362.8517902066478	
404	0.0	0.17458571428571446	212.6926633183594	133.22050819416836	1344.6283594591596	
405	0.0	0.13307582417582342	213.7219648681641	132.26740240630897	1317.4004438107413	
406	0.0	0.07691538461538447	214.74973243652346	131.61261543605542	1311.870523448577	
407	0.0	0.062264835164835206	215.76676213476566	130.67857354637636	1291.8528977837195	
408	0.0	0.03540549450549411	216.7807238701172	129.95865034292	1286.564866166549	
409	0.0	0.03540549450549411	217.78548171679688	129.0618004019343	1271.5416937724667	
410	0.0	0.008546153846153681	218.78563761914063	128.28773618399646	1264.8697095160214	
411	0.0	0.0012208791208793855	219.77658963281252	127.3580480568944	1249.8489522480086	
412	0.0	0.01098791208791178	220.76293970214846	126.56406647172844	1243.689025438619	
413	0.0	-0.0012208791208793855	221.7400858828125	125.62229785040472	1229.2885367940844	
414	0.0	-0.0012208791208793855	222.71263011914064	124.82098907491672	1223.6926584629255	
415	0.0	-0.0061043956043955825	223.67597046679688	123.87477628789748	1209.748211141149	
416	0.0	0.0061043956043955825	224.6347088701172	123.07077198957995	1204.4980370630192	
417	0.0	0.015871428571428647	225.58731134765628	122.27632242980508	1198.4750892005068	
418	0.0	0.008546153846153681	226.53070993652346	121.3342699675286	1184.1649589074905	
419	0.0	-0.015871428571428647	227.4710405625	120.60948810605805	1182.4632526722708	
420	0.0	-0.0061043956043955825	228.40216729980472	119.70969123994473	1169.6908426742148	
421	0.0	-0.020754945054944844	229.33022607421876	119.0105386937812	1168.2647894578276	
422	0.0	-0.01342967032967055	230.24908095996096	118.12628679361114	1155.2610677703524	
423	0.0	-0.018313186813186746	231.1633339013672	117.35986367388796	1149.6180585858856	
424	0.0	-0.01098791208791178	232.0699169355469	116.51150917952145	1138.937550385902	
425	0.0	-0.008546153846153681	232.97036404394532	115.69015986534941	1130.3105282083507	
426	0.0	-0.0061043956043955825	233.86314124511722	114.80849094911537	1118.6741580089765	
427	0.0	-0.01098791208791178	234.75131650195314	114.04363448838376	1113.820327287206	
428	0.0	0.0061043956043955825	235.6318218515625	113.19623022074666	1103.5941204514902	
429	0.0	-0.008546153846153681	236.50465729394534	112.29875817597531	1091.3929175410613	
430	0.0	-0.01098791208791178	237.3744247734375	111.60101570527331	1090.2771708903656	
431	0.0	-0.018313186813186746	238.23498836425784	110.71761905912899	1077.4397347496124	
432	0.0	-0.01342967032967055	239.0909500107422	109.95171467720866	1071.8842847230499	
433	0.0	-0.018313186813186746	239.94077573144534	109.18037388549419	1065.0837717293543	
434	0.0	-0.018313186813186746	240.7829315449219	108.3290366721958	1053.7776655909438	
435	0.0	-0.0061043956043955825	241.62048541406253	107.582577319763	1048.6525302239233	
436	0.0	-0.01098791208791178	242.45190335742188	106.82303053492615	1041.8106704563952	
437	0.0	-0.045172527472527174	243.2756513935547	105.97884674860325	1030.2961042201996	
438	0.0	-0.018313186813186746	244.0947974853516	105.23672616906333	1024.933304593148	
439	0.0	0.01098791208791178	244.90780765136722	104.47981098308992	1017.8798316860384	
440	0.0	-0.01342967032967055	245.71314791015627	103.63722334219892	1006.1959975279542	
441	0.0	-0.020754945054944844	246.51081826171878	102.74267272930229	993.0358064284146	
442	0.0	-0.04028901098901098	247.30388666894532	101.97000312439013	987.4580258091146	
443	0.0	-0.023196703296702943	248.09235313183595	101.27125808965866	984.5841129694713	
444	0.0	-0.020754945054944844	248.8716157060547	100.38725335767231	970.6958837141551	
445	0.0	-0.01342967032967055	249.64781031738283	99.69767922530264	968.3475040147023	
446	0.0	0.0012208791208793855	250.4163350214844	98.89593599919499	958.4703843166408	
447	0.0	0.0012208791208793855	251.17872379980471	98.10285784907683	949.6058951622708	
448	0.0	-0.015871428571428647	251.93651063378908	97.39173440561899	945.0558200480309	
449	0.0	-0.008546153846153681	252.6866275605469	96.57692086128918	934.1783692955564	
450	0.0	0.015871428571428647	253.43060856152346	95.77591516221764	924.9103757219486	
451	0.0	-0.0061043956043955825	254.1715215996094	95.13668248941212	924.0737798544915	
452	0.0	-0.020754945054944844	254.90476473046877	94.3654729028076	914.3308568826442	
453	0.0	-0.025638461538461714	255.63187193554688	93.59091434170841	905.0730023693695	
454	0.0	-0.03052197802197791	256.3543771962891	92.8910235971016	899.9963827214274	
455	0.0	-0.015871428571428647	257.07074653125	92.15972210146356	892.4598657941451	
456	0.0	0.003662637362637484	257.7794459589844	91.33266994949554	880.0847898674056	
457	0.0	-0.008546153846153681	258.48200946093755	90.52424115946815	870.0987356802907	
458	0.0	-0.008546153846153681	259.1784370371094	89.72710800974528	861.2721265485434	
459	0.0	-0.018313186813186746	259.8702626689453	89.0135250846397	856.8080769871258	
460	0.0	-0.023196703296702943	260.555952375	88.27391886150144	849.8559988385891	
461	0.0	-0.015871428571428647	261.23397217382814	87.44182963754429	837.9645310537512	
462	0.0	-0.015871428571428647	261.90892400976566	86.7837438533661	836.0200274168856	
463	0.0	-0.023196703296702943	262.57620593847656	86.00109927636731	825.8982666270945	
464	0.0	-0.008546153846153681	263.2388859228516	85.29630411508151	820.4233887250639	
465	0.0	-0.008546153846153681	263.89389600000004	84.48532886800967	808.8866198629175	
466	0.0	0.0012208791208793855	264.54583811425783	83.84004935850135	806.8289561498814	
467	0.0	0.0012208791208793855	265.1916443027344	83.14187125221906	800.2743924106744	
468	0.0	0.003662637362637484	265.8313145654297	82.41160852424946	791.8148276763959	
469	0.0	-0.015871428571428647	266.4663828837891	81.73858456127527	786.5336506318522	
470	0.0	-0.003662637362637484	267.09684925781255	81.1002776651294	782.2902722313065	
471	0.0	-0.01342967032967055	267.7196457246094	80.32962959047109	770.4666364803797	
472	0.0	-0.020754945054944844	268.33784024707035	79.63211067586599	763.7729886456905	
473	0.0	-0.028080219780219812	268.95143282519535	78.97894684012681	759.0537691501904	
474	0.0	-0.01098791208791178	269.55735549609375	78.1992875758533	747.1725279510865	
475	0.0	-0.018313186813186746	270.15867622265625	77.49630309830536	740.5840533385253	
476	0.0	-0.028080219780219812	270.75386102343754	76.76312515873724	732.1786536635223	
477	0.0	-0.01342967032967055	271.3413759169922	75.93493488596141	719.3057500454111	
478	0.0	0.003662637362637484	271.924288866211	75.20251486301458	712.8703980559967	
479	0.0	0.0061043956043955825	272.50259987109376	74.5281824344529	708.8505113665451	
480	0.0	-0.028080219780219812	273.07630893164065	73.88908191379232	705.3924892565251	
481	0.0	-0.008546153846153681	273.642348084961	73.11795248151066	694.0575360529137	
482	0.0	-0.01342967032967055	274.20531927539065	72.49684068100942	691.5027272944908	
483	0.0	-0.0012208791208793855	274.7621545400391	71.8133210315973	684.2708522771909	
484	0.0	0.0012208791208793855	275.3143878603516	71.16864817966234	679.0075104737712	
485	0.0	-0.01098791208791178	275.8589512734375	70.39413895753387	666.6642182569567	
486	0.0	-0.03052197802197791	276.3989127421875	69.69427813852599	659.7154188332784	
487	0.0	-0.015871428571428647	276.9358062480469	69.11639293821645	658.7128093618448	
488	0.0	0.003662637362637484	277.466563828125	68.4590915478584	651.7502714224561	
489	0.0	0.0061043956043955825	277.9911854824219	67.75362180204502	642.4076761676583	
490	0.0	-0.01098791208791178	278.5112051923828	67.09563554329907	636.2054142542083	
491	0.0	-0.008546153846153681	279.02662295800786	66.46644947606183	631.1695521891179	
492	0.0	-0.008546153846153681	279.5374387792969	65.85473160845322	626.3933405640078	
493	0.0	-0.028080219780219812	280.0421186748047	65.17690966753435	617.6680526930381	
494	0.0	-0.015871428571428647	280.5421966259766	64.53569265056831	611.4103179615627	
495	0.0	-0.015871428571428647	281.0361386513672	63.8399785706315	602.2451156447578	
496	0.0	-0.015871428571428647	281.5254787324219	63.18790942251326	595.9987596243814	
497	0.0	-0.028080219780219812	282.01021686914066	62.56231226438467	590.8441494832696	
498	0.0	-0.0061043956043955825	282.4872850986328	61.799373035721146	578.2702032467819	
499	0.0	0.01342967032967055	282.95975138378907	61.10652977267091	571.0016062005479	
500	0.0	0.0012208791208793855	283.4276157246094	60.45620186305132	565.8609618556607	
501	0.0	-0.023196703296702943	283.8893441396485	59.75496174723958	557.5149720779673	
502	0.0	0.0012208791208793855	284.3449366289063	59.022841816560685	548.0164629041915	
503	0.0	-0.0061043956043955825	284.7974611552735	58.42539047543505	545.9689649716788	
504	0.0	-0.0012208791208793855	285.2438497558594	57.75622162045147	538.6768990713954	
505	0.0	-0.01342967032967055	285.6871703935547	57.19695203782976	536.988866413742	
506	0.0	-0.015871428571428647	286.12282112402346	56.474242518384926	525.4861951702983	
507	0.0	-0.0012208791208793855	286.55386991015627	55.80579980807306	518.2418377594299	
508	0.0	0.0012208791208793855	286.98185073339846	55.24697065447617	516.5714511256306	
509	0.0	-0.008546153846153681	287.4052296123047	54.677926413265595	512.7425418442854	
510	0.0	-0.0061043956043955825	287.82247256542973	54.025987335811806	503.92830054718206	
511	0.0	-0.0061043956043955825	288.23511357421876	53.40046906954012	497.21416677758225	
512	0.0	-0.0061043956043955825	288.64161865722656	52.71427676347048	487.5280485638259	
513	0.0	-0.015871428571428647	289.04352179589847	52.06798286328922	480.8176894333292	
514	0.0	-0.008546153846153681	289.4423569716797	51.522587642479266	479.12680292559253	
515	0.0	-0.020754945054944844	289.836590203125	50.96169149360685	475.07657903972813	
516	0.0	-0.0061043956043955825	290.2246875087891	50.31469448410462	466.0014110315642	
517	0.0	-0.003662637362637484	290.6081828701172	49.692173733650634	459.05217425054525	
518	0.0	0.003662637362637484	290.98861026855474	49.161197657404045	456.84675846425193	
519	0.0	0.0061043956043955825	291.362901741211	48.532348089787774	448.4253035653744	
520	0.0	-0.023196703296702943	291.7341252509766	47.99753339178824	445.42534749593233	
521	0.0	0.003662637362637484	292.10228079785156	47.51975372684865	444.2515725208839	
522	0.0	-0.01342967032967055	292.46430041894536	46.9231694145401	435.62870195881374	
523	0.0	-0.0012208791208793855	292.82171809570315	46.33122551141241	428.1699432548453	
524	0.0	-0.015871428571428647	293.17453382812505	45.74209615878499	421.34510156125384	
525	0.0	-0.04028901098901098	293.52274761621095	45.154673917377295	414.8609872510981	
526	0.0	-0.01098791208791178	293.86635945996096	44.56828709130059	408.556991113652	
527	0.0	-0.01098791208791178	294.2038353779297	43.9058292041118	398.5111891503461	
528	0.0	0.0012208791208793855	294.5382433330078	43.35063002932293	395.048583965882	
529	0.0	-0.01098791208791178	294.8665153623047	42.707088409366406	386.2412439259065	
530	0.0	0.015871428571428647	295.19018544726566	42.08666345866368	379.40072605063756	
531	0.0	0.003662637362637484	295.50925358789067	41.48025947700444	373.3937109459682	
532	0.0	-0.0061043956043955825	295.82371978417973	40.88235964317573	367.67423236071	
533	0.0	0.015871428571428647	296.1320500546875	40.21291876360556	358.1619710509485	
534	0.0	-0.025638461538461714	296.4357783808594	39.57678511746053	351.29659779807344	
535	0.0	-0.020754945054944844	296.7364387441406	39.03755240238752	349.3537112650131	
536	0.0	-0.025638461538461714	297.03249716308596	38.48039400230664	345.0548224008544	
537	0.0	-0.01342967032967055	297.32395363769535	37.912363124361946	339.6056677632964	
538	0.0	-0.01342967032967055	297.6108081679688	37.33773775507689	333.6278950403125	
539	0.0	-0.0061043956043955825	297.8945947353516	36.8358116967629	331.26698891320007	
540	0.0	-0.003662637362637484	298.17377935839846	36.30128092843006	326.13448663010126	
541	0.0	0.0012208791208793855	298.4483620371094	35.746974403264176	319.82788859414154	
542	0.0	-0.01098791208791178	298.7183427714844	35.18067327495373	313.1166536783512	
543	0.0	-0.008546153846153681	298.98372156152345	34.6070970518831	306.34649511379826	
544	0.0	0.01098791208791178	299.2460323886719	34.10580733293136	303.4886697590639	
545	0.0	-0.01342967032967055	299.5052752529297	33.648361596209725	301.87983005530714	
546	0.0	-0.015871428571428647	299.75838219140627	33.06411043513435	292.67691231411754	
547	0.0	-0.03296373626373601	300.0084211669922	32.55634603881299	288.50952578513625	
548	0.0	-0.01098791208791178	300.2538581982422	32.018274139374626	282.3721165538884	
549	0.0	-0.015871428571428647	300.4946932851563	31.461819809584995	275.51107177437234	
550	0.0	0.0012208791208793855	300.7309264277344	30.89421597186447	268.4969435670441	
551	0.0	-0.0061043956043955825	300.9625576259766	30.319849615578278	261.5633264269841	
552	0.0	-0.018313186813186746	301.19112086132816	29.818080656585153	258.61864401175853	
553	0.0	-0.0061043956043955825	301.41508215234376	29.283645173811237	253.12962080450893	
554	0.0	-0.0012208791208793855	301.63444149902347	28.72939644228063	246.60530032129554	
555	0.0	-0.01342967032967055	301.8507328828125	28.23982943984447	243.59606505700935	
556	0.0	-0.018313186813186746	302.06395630371094	27.789493890279118	241.7131170618611	
557	0.0	-0.018313186813186746	302.2725777802735	27.286254348102375	236.06834335638155	
558	0.0	-0.023196703296702943	302.47813129394535	26.827625983763937	232.79945128938175	
559	0.0	-0.0061043956043955825	302.6790828632813	26.319356595042336	226.44300285559348	
560	0.0	0.015871428571428647	302.87543248828126	25.780978402211986	218.9857124250002	
561	0.0	-0.015871428571428647	303.06871415039063	25.301037368353718	215.16383530058124	
562	0.0	0.003662637362637484	303.2589278496094	24.85654026402881	212.63832335330517	
563	0.0	-0.023196703296702943	303.4445396044922	24.356841917981	206.5130343997597	
564	0.0	0.01098791208791178	303.6270833964844	23.900361397732922	202.89763393726867	
565	0.0	0.0012208791208793855	303.80502524414067	23.39339474233384	196.29762125063485	
566	0.0	-0.01342967032967055	303.97989912890625	22.932505769498675	192.50729937377002	
567	0.0	-0.0061043956043955825	304.15017106933595	22.422865252367046	185.86973739069117	
568	0.0	-0.03296373626373601	304.31737504687504	21.960354500362882	182.0982159090771	
569	0.0	-0.01098791208791178	304.48151106152346	21.526429396675667	179.33222718694356	
570	0.0	-0.01342967032967055	304.6425791132813	21.10984236560398	176.73165395899912	
571	0.0	0.0012208791208793855	304.79904522070314	20.627072335159028	170.12687140989954	
572	0.0	-0.003662637362637484	304.9524433652344	20.18085935763156	165.9574293020704	
573	0.0	0.0012208791208793855	305.1012395654297	19.68012028184421	158.8617259521543	
574	0.0	-0.008546153846153681	305.2485017841797	19.299707599353496	158.50887504505306	
575	0.0	-0.01342967032967055	305.39116205859375	18.83887842101467	152.7049392950106	
576	0.0	-0.015871428571428647	305.5307543701172	18.405973243343396	148.6800826116047	
577	0.0	-0.023196703296702943	305.6657447373047	17.91330575640677	141.4651551639555	
578	0.0	-0.01342967032967055	305.7976671416016	17.461089667898705	137.07953449025206	
579	0.0	-0.018313186813186746	305.92652158300785	17.03340859342279	133.78100666714738	
580	0.0	-0.015871428571428647	306.05077408007816	16.543909685338804	126.92539170349187	
581	0.0	-0.015871428571428647	306.17195861425785	16.09361543709565	122.70843764709548	
582	0.0	0.008546153846153681	306.2885412041016	15.590400945442525	115.64737548345352	
583	0.0	-0.0012208791208793855	306.3989878681641	14.978389630483434	103.84916428946781	
584	0.0	-0.01342967032967055	306.50636656933597	14.453787849250148	98.53928823550518	
585	0.0	0.003662637362637484	306.6076093447266	13.82880448709875	88.135770660287	
586	0.0	0.0061043956043955825	306.70578415722656	13.296334761333128	83.87351813154066	
587	0.0	-0.003662637362637484	306.80089100683597	12.81997739397957	81.89766025463905	
588	0.0	-0.020754945054944844	306.8913959121094	12.30095482105935	76.6011404780453	
589	0.0	-0.015871428571428647	306.9788328544922	11.832753564418454	73.78888143071526	
590	0.0	-0.0061043956043955825	307.0616678525391	11.3186779228472	67.85824139696751	
591	0.0	-0.015871428571428647	307.1414348876953	10.853477131826367	64.58445038487366	
592	0.0	-0.008546153846153681	307.21659997851566	10.341221364689773	58.327223579845	
593	0.0	-0.01342967032967055	307.28869710644534	9.877124383336195	54.82705090791484	
594	0.0	-0.0061043956043955825	307.3577262714844	9.44223718289686	52.25030743968313	
595	0.0	-0.0061043956043955825	307.42215349218753	8.948367538347156	45.94452304702264	
596	0.0	-0.003662637362637484	307.48351275000005	8.495422304366002	42.129017567848905	
597	0.0	-0.0061043956043955825	307.5402700634766	7.990599908529475	35.352665783369275	
598	0.0	-0.015871428571428647	307.59549339550784	7.607710567170216	35.25700190156675	
599	0.0	-0.008546153846153681	307.64611478320313	7.145379219255119	29.64756691048609	
600	0.0	-0.003662637362637484	307.69213422656253	6.63486385739634	21.929084143352213	
601	0.0	-0.01342967032967055	307.7366196884766	6.248521557497952	21.350507399182618	
602	0.0	-0.008546153846153681	307.77803718750005	5.860794956572136	19.336813730039523	
603	0.0	-0.018313186813186746	307.8148527421875	5.39552966233714	12.639248152935693	
604	0.0	0.003662637362637484	307.8486003339844	4.9599338442876615	8.141353603135201	
605	0.0	0.0012208791208793855	307.8792799628907	4.542333473702456	4.516303874940235	
606	0.0	0.0012208791208793855	307.90842561035157	4.212346966285622	4.975808286046799	
607	0.0	-0.008546153846153681	307.9314353320313	3.70540373775475	-4.954426419685717	
608	0.0	-0.01098791208791178	307.95291107226564	3.3212280463067145	-6.9300407545404425	
609	0.0	-0.01098791208791178	307.9713188496094	2.9348155598690937	-9.824768621566875	
610	0.0	-0.01098791208791178	307.98665866406253	2.54704638864132	-13.24218768529181	
611	0.0	-0.018313186813186746	307.99893051562503	2.1584543464996386	-16.955540246267574	
612	0.0	-0.0061043956043955825	308.0081344042969	1.769363207882634	-20.835590941889336	
613	0.0	-0.020754945054944844	308.01427033007815	1.3799693519449647	-24.808988845754413	
614	0.0	0.0061043956043955825	308.01733829296876	0.9903918886684551	-28.83429782018507	
615	0.0	0.0061043956043955825	308.0188722744141	0.6774021341843763	-29.053283973889364	
616	0.0	-0.018313186813186746	308.0188722744141	0.4108651744936651	-28.154461367012374	
617	0.0	-0.008546153846153681	308.0188722744141	0.24920233210286824	-23.46498252805442	
618	0.0	0.0012208791208793855	308.0188722744141	0.15114885899856745	-18.107015361836577	
619	0.0	0.0012208791208793855	308.0188722744141	0.0916764196499571	-13.332635413949795	
620	0.0	-0.015871428571428647	308.0188722744141	0.05560456080274889	-9.51210569128616	
621	0.0	-0.01342967032967055	308.0188722744141	0.033725871860951884	-6.633965062042503	
622	0.0	-0.01342967032967055	308.0188722744141	0.02045577585886349	-4.548098313768466	
623	0.0	-0.01342967032967055	308.0188722744141	0.012407055559378932	-3.0766227987932835	
624	0.0	-0.003662637362637484	308.0188722744141	0.00752525979623897	-2.0589802559386894	
625	0.0	0.003662637362637484	308.0188722744141	0.004564300907077268	-1.3658430365735168	
626	0.0	-0.0061043956043955825	308.0188722744141	0.002768388518234133	-0.8993948537193119	
627	0.0	-0.01098791208791178	308.0188722744141	0.0016791125599411316	-0.5885555372916614	
628	0.0	-0.01342967032967055	308.0188722744141	0.0010184332750213798	-0.3830850818905695	
629	0.0	0.0012208791208793855	308.0188722744141	0.000617711024460732	-0.24818821349456577	
630	0.0	-0.0061043956043955825	308.0188722744141	0.0003746606944332598	-0.16013839610591307	
631	0.0	-0.015871428571428647	308.0188722744141	0.00022724320660927333	-0.10295435336402782	
632	0.0	-0.0061043956043955825	308.0188722744141	0.00013782997120870277	-0.0659783205481144	
633	0.0	0.0012208791208793855	308.0188722744141	8.35981009004172e-05	-0.04216095873891917	
634	0.0	-0.003662637362637484	308.0188722744141	5.0704809837043285e-05	-0.026871760543527516	
635	0.0	-0.008546153846153681	308.0188722744141	3.075402128160931e-05	-0.017086943324169154	
636	0.0	0.0012208791208793855	308.0188722744141	1.865325975813903e-05	-0.010841941574903837	
637	0.0	-0.01342967032967055	308.0188722744141	1.1313770301057957e-05	-0.006866005100372225	
638	0.0	-0.01342967032967055	308.0188722744141	6.862152076791972e-06	-0.004340357551627536	
639	0.0	-0.01098791208791178	308.0188722744141	4.162106051808223e-06	-0.0027392578438984383	
640	0.0	-0.01098791208791178	308.0188722744141	2.524448063923046e-06	-0.0017261593197440352	
641	0.0	-0.01098791208791178	308.0188722744141	1.5311543393181637e-06	-0.0010862206141509264	
642	0.0	0.0012208791208793855	308.0188722744141	9.286941349273548e-07	-0.0006826336389743662	
643	0.0	-0.020754945054944844	308.0188722744141	5.632791726384312e-07	-0.00042847836530012445	
644	0.0	0.0012208791208793855	308.0188722744141	3.4164622775278986e-07	-0.0002686435719876458	
645	0.0	-0.0012208791208793855	308.0188722744141	2.072283677989617e-07	-0.0001682523808987822	
646	0.0	0.0012208791208793855	308.0188722744141	1.2569580576382577e-07	-0.00010527207366831966	
647	0.0	-0.01098791208791178	308.0188722744141	7.623384590260684e-08	-6.580529147227931e-05	
648	0.0	0.0012208791208793855	308.0188722744141	4.6233253669925034e-08	-4.109846848814522e-05	
649	0.0	0.0061043956043955825	308.0188722744141	2.8037902666255832e-08	-2.564648057534723e-05	
650	0.0	-0.003662637362637484	308.0188722744141	1.7013007891364396e-08	-1.5991049221470117e-05	
651	0.0	-0.01098791208791178	308.0188722744141	1.0317307896912098e-08	-9.963657137984408e-06	
652	0.0	-0.018313186813186746	308.0188722744141	6.259142537601292e-09	-6.203651801613473e-06	
653	0.0	-0.003662637362637484	308.0188722744141	3.794411895796657e-09	-3.86013299886114e-06	
654	0.0	0.003662637362637484	308.0188722744141	2.293745637871325e-09	-2.400498135246127e-06	
655	0.0	-0.015871428571428647	308.0188722744141	1.393345883116126e-09	-1.491565822229544e-06	
656	0.0	-0.008546153846153681	308.0188722744141	8.385541150346398e-10	-9.265963335696969e-07	
657	0.0	-0.0061043956043955825	308.0188722744141	5.056790541857481e-10	-5.752038412548398e-07	
658	0.0	-0.01098791208791178	308.0188722744141	3.183231456205249e-10	-3.563248836867069e-07	
659	0.0	-0.020754945054944844	308.0188722744141	1.8189894035458565e-10	-2.214941104348135e-07	
660	0.0	-0.018313186813186746	308.0188722744141	1.1641532182693481e-10	-1.3692244914931875e-07	
661	0.0	0.0012208791208793855	308.0188722744141	8.185452315956354e-11	-8.430928844268601e-08	
662	0.0	-0.018313186813186746	308.0188722744141	8.185452315956354e-11	-5.1136169727408926e-08	
663	0.0	-0.018313186813186746	308.0188722744141	8.185452315956354e-11	-3.101565560202782e-08	
664	0.0	-0.01098791208791178	308.0188722744141	8.185452315956354e-11	-1.8811946564468334e-08	
665	0.0	-0.018313186813186746	308.0188722744141	8.185452315956354e-11	-1.1410022670011662e-08	
666	0.0	-0.03052197802197791	308.0188722744141	8.185452315956354e-11	-6.92052876527292e-09	
667	0.0	-0.03296373626373601	308.0188722744141	8.185452315956354e-11	-4.197512991525104e-09	
668	0.0	-0.008546153846153681	308.0188722744141	8.185452315956354e-11	-2.545920393024646e-09	
669	0.0	-0.015871428571428647	308.0188722744141	8.185452315956354e-11	-1.5441788174820507e-09	
670	0.0	-0.0061043956043955825	308.0188722744141	8.185452315956354e-11	-9.365918223104385e-10	
671	0.0	0.0012208791208793855	308.0188722744141	8.185452315956354e-11	-5.680716712907408e-10	
672	0.0	-0.01098791208791178	308.0188722744141	8.185452315956354e-11	-3.44552894906755e-10	
673	0.0	0.0012208791208793855	308.0188722744141	8.185452315956354e-11	-2.0898190032761938e-10	
674	0.0	-0.018313186813186746	308.0188722744141	8.185452315956354e-11	-1.2675393331512124e-10	
675	0.0	-0.01098791208791178	308.0188722744141	8.185452315956354e-11	-7.688014888211451e-11	
676	0.0	-0.008546153846153681	308.0188722744141	8.185452315956354e-11	-4.663016868629864e-11	
677	0.0	-0.020754945054944844	308.0188722744141	8.185452315956354e-11	-2.8282627743694232e-11	
678	0.0	-0.0012208791208793855	308.0188722744141	8.185452315956354e-11	-1.715428132953663e-11	
679	0.0	0.003662637362637484	308.0188722744141	8.185452315956354e-11	-1.0404597854187305e-11	
680	0.0	-0.0061043956043955825	308.0188722744141	8.185452315956354e-11	-6.310707771882945e-12	
681	0.0	-0.025638461538461714	308.0188722744141	8.185452315956354e-11	-3.82763785205701e-12	
682	0.0	-0.015871428571428647	308.0188722744141	8.185452315956354e-11	-2.3215797745801054e-12	
683	0.0	-0.008546153846153681	308.0188722744141	8.185452315956354e-11	-1.4081093504824343e-12	
684	0.0	-0.0012208791208793855	308.0188722744141	8.185452315956354e-11	-8.540615164833938e-13	
685	0.0	-0.0061043956043955825	308.0188722744141	8.185452315956354e-11	-5.180145090917387e-13	
686	0.0	-0.01098791208791178	308.0188722744141	8.185452315956354e-11	-3.1419169046954453e-13	
687	0.0	0.0012208791208793855	308.0188722744141	8.185452315956354e-11	-1.9056689846895562e-13	
688	0.0	-0.01098791208791178	308.0188722744141	8.185452315956354e-11	-1.1558466978523377e-13	
689	0.0	-0.008546153846153681	308.0188722744141	8.185452315956354e-11	-7.010564792306005e-14	
690	0.0	-0.018313186813186746	308.0188722744141	8.185452315956354e-11	-4.2521226039647693e-14	
691	0.0	-0.01098791208791178	308.0188722744141	8.185452315956354e-11	-2.5790427982536496e-14	
692	0.0	-0.025638461538461714	308.0188722744141	8.185452315956354e-11	-1.5642685724115177e-14	
693	0.0	-0.015871428571428647	308.0188722744141	8.185452315956354e-11	-9.487768749662663e-15	
694	0.0	-0.008546153846153681	308.0188722744141	8.185452315956354e-11	-5.754622795811958e-15	
695	0.0	0.0012208791208793855	308.0188722744141	8.185452315956354e-11	-3.4903552563258853e-15	
696	0.0	-0.0012208791208793855	308.0188722744141	8.185452315956354e-11	-2.117007532203947e-15	
697	0.0	-0.018313186813186746	308.0188722744141	8.185452315956354e-11	-1.284030011448368e-15	
698	0.0	0.0012208791208793855	308.0188722744141	8.185452315956354e-11	-7.788035913569355e-16	
699	0.0	-0.03052197802197791	308.0188722744141	8.185452315956354e-11	-4.723682675435263e-16	
700	0.0	-0.008546153846153681	308.0188722744141	8.185452315956354e-11	-2.865058445938486e-16	
701	0.0	-0.01098791208791178	308.0188722744141	8.185452315956354e-11	-1.7377458284989533e-16	
702	0.0	0.008546153846153681	308.0188722744141	8.185452315956354e-11	-1.0539961338621913e-16	
703	0.0	-0.018313186813186746	308.0188722744141	8.185452315956354e-11	-6.392809943015033e-17	
704	0.0	-0.01098791208791178	308.0188722744141	8.185452315956354e-11	-3.877435260249674e-17	
705	0.0	0.0012208791208793855	308.0188722744141	8.185452315956354e-11	-2.3517833384568697e-17	
706	0.0	-0.01342967032967055	308.0188722744141	8.185452315956354e-11	-1.4264287121849246e-17	
707	0.0	-0.020754945054944844	308.0188722744141	8.185452315956354e-11	-8.65172604497282e-18	
708	0.0	-0.01098791208791178	308.0188722744141	8.185452315956354e-11	-5.247537025904739e-18	
709	0.0	-0.008546153846153681	308.0188722744141	8.185452315956354e-11	-3.1827916465764252e-18	
710	0.0	-0.01342967032967055	308.0188722744141	8.185452315956354e-11	-1.9304600515058426e-18	
711	0.0	-0.025638461538461714	308.0188722744141	8.185452315956354e-11	-1.1708840832361613e-18	
712	0.0	-0.008546153846153681	308.0188722744141	8.185452315956354e-11	-7.101759149074019e-19	
713	0.0	0.01098791208791178	308.0188722744141	8.185452315956354e-11	-4.307452050002511e-19	
714	0.0	0.0012208791208793855	308.0188722744141	8.185452315956354e-11	-2.6125837902997337e-19	
715	0.0	-0.025638461538461714	308.0188722744141	8.185452315956354e-11	-1.584613355855584e-19	
716	0.0	-0.01098791208791178	308.0188722744141	8.185452315956354e-11	-9.611094255314884e-20	
717	0.0	-0.008546153846153681	308.0188722744141	8.185452315956354e-11	-5.829555366967463e-20	
718	0.0	0.003662637362637484	308.0188722744141	8.185452315956354e-11	-3.535866246419172e-20	
719	0.0	-0.0012208791208793855	308.0188722744141	8.185452315956354e-11	-2.144631174166235e-20	
720	0.0	-0.008546153846153681	308.0188722744141	8.185452315956354e-11	-1.3009069493621466e-20	
721	0.0	-0.0061043956043955825	308.0188722744141	8.185452315956354e-11	-7.890475863143331e-21	
722	0.0	-0.015871428571428647	308.0188722744141	8.185452315956354e-11	-4.784412663006712e-21	
723	0.0	-0.015871428571428647	308.0188722744141	8.185452315956354e-11	-2.901749588836021e-21	
724	0.0	-0.025638461538461714	308.0188722744141	8.185452315956354e-11	-1.75941316290029e-21	
725	0.0	-0.015871428571428647	308.0188722744141	8.185452315956354e-11	-1.0654086289682996e-21	
726	0.0	-0.0061043956043955825	308.0188722744141	8.185452315956354e-11	-6.468552390164676e-22	
727	0.0	-0.01098791208791178	308.0188722744141	8.185452315956354e-11	-3.9373797157524117e-22	
728	0.0	-0.008546153846153681	308.0188722744141	8.185452315956354e-11	-2.3822801641527197e-22	
729	0.0	-0.015871428571428647	308.0188722744141	8.185452315956354e-11	-1.4475660719677984e-22	
730	0.0	-0.01098791208791178	308.0188722744141	8.185452315956354e-11	-8.850832554317396e-23	
731	0.0	-0.008546153846153681	308.0188722744141	8.185452315956354e-11	-5.2112378590840744e-23	
732	0.0	-0.0012208791208793855	308.0188722744141	8.185452315956354e-11	-3.226004388956808e-23	
733	0.0	-0.01342967032967055	308.0188722744141	8.185452315956354e-11	-1.9025154088719637e-23	
734	0.0	-0.01098791208791178	308.0188722744141	8.185452315956354e-11	-1.9025154088719637e-23	
735	0.0	-0.008546153846153681	308.0188722744141	8.185452315956354e-11	-1.9025154088719637e-23	
736	0.0	-0.01098791208791178	308.0188722744141	8.185452315956354e-11	-1.9025154088719637e-23	
737	0.0	0.0012208791208793855	308.0188722744141	8.185452315956354e-11	-1.9025154088719637e-23	
738	0.0	0.0061043956043955825	308.0188722744141	8.185452315956354e-11	-1.9025154088719637e-23	
739	0.0	-0.01098791208791178	308.0188722744141	8.185452315956354e-11	-1.9025154088719637e-23	
740	0.0	-0.015871428571428647	308.0188722744141	8.185452315956354e-11	-1.9025154088719637e-23	
741	0.0	-0.018313186813186746	308.0188722744141	8.185452315956354e-11	-1.9025154088719637e-23	
742	0.0	-0.01098791208791178	308.0188722744141	8.185452315956354e-11	-1.9025154088719637e-23	
743	0.0	-0.01098791208791178	308.0188722744141	8.185452315956354e-11	-1.9025154088719637e-23	
744	0.0	0.0012208791208793855	308.0188722744141	8.185452315956354e-11	-1.9025154088719637e-23	
745	0.0	0.0061043956043955825	308.0188722744141	8.185452315956354e-11	-1.9025154088719637e-23	
746	0.0	-0.008546153846153681	308.0188722744141	8.185452315956354e-11	-1.9025154088719637e-23	
747	0.0	0.0061043956043955825	308.0188722744141	8.185452315956354e-11	-1.9025154088719637e-23	
748	0.0	-0.003662637362637484	308.0188722744141	8.185452315956354e-11	-1.9025154088719637e-23	
749	0.0	-0.01342967032967055	308.0188722744141	8.185452315956354e-11	-1.9025154088719637e-23	
750	0.0	-0.023196703296702943	308.0188722744141	8.185452315956354e-11	-1.9025154088719637e-23	
751	0.0	-0.008546153846153681	308.0188722744141	8.185452315956354e-11	-1.9025154088719637e-23	
752	0.0	-0.008546153846153681	308.0188722744141	8.185452315956354e-11	-1.9025154088719637e-23	
753	0.0	-0.008546153846153681	308.0188722744141	8.185452315956354e-11	-1.9025154088719637e-23	
754	0.0	-0.0012208791208793855	308.0188722744141	8.185452315956354e-11	-1.9025154088719637e-23	
755	0.0	0.0012208791208793855	308.0188722744141	8.185452315956354e-11	-1.9025154088719637e-23	
756	0.0	-0.01342967032967055	308.0188722744141	8.185452315956354e-11	-1.9025154088719637e-23	
757	0.0	-0.018313186813186746	308.0188722744141	8.185452315956354e-11	-1.9025154088719637e-23	
758	0.0	-0.0012208791208793855	308.0188722744141	8.185452315956354e-11	-1.9025154088719637e-23	
759	0.0	-0.018313186813186746	308.0188722744141	8.185452315956354e-11	-1.9025154088719637e-23	
760	0.0	-0.0061043956043955825	308.0188722744141	8.185452315956354e-11	-1.9025154088719637e-23	
761	0.0	0.0012208791208793855	308.0188722744141	8.185452315956354e-11	-1.9025154088719637e-23	
762	0.0	0.0012208791208793855	308.0188722744141	8.185452315956354e-11	-1.9025154088719637e-23	
763	0.0	0.0012208791208793855	308.0188722744141	8.185452315956354e-11	-1.9025154088719637e-23	
764	0.0	-0.01098791208791178	308.0188722744141	8.185452315956354e-11	-1.9025154088719637e-23	
765	0.0	-0.0061043956043955825	308.0188722744141	8.185452315956354e-11	-1.9025154088719637e-23	
766	0.0	-0.008546153846153681	308.0188722744141	8.185452315956354e-11	-1.9025154088719637e-23	
767	0.0	-0.0012208791208793855	308.0188722744141	8.185452315956354e-11	-1.9025154088719637e-23	
768	0.0	-0.018313186813186746	308.0188722744141	8.185452315956354e-11	-1.9025154088719637e-23	
769	0.0	-0.01342967032967055	308.0188722744141	8.185452315956354e-11	-1.9025154088719637e-23	
770	0.0	-0.0061043956043955825	308.0188722744141	8.185452315956354e-11	-1.9025154088719637e-23	
771	0.0	-0.018313186813186746	308.0188722744141	8.185452315956354e-11	-1.9025154088719637e-23	
772	0.0	-0.018313186813186746	308.0188722744141	8.185452315956354e-11	-1.9025154088719637e-23	
773	0.0	0.01342967032967055	308.0188722744141	8.185452315956354e-11	-1.9025154088719637e-23	
774	0.0	-0.03540549450549411	308.0188722744141	8.185452315956354e-11	-1.9025154088719637e-23	
775	0.0	-0.020754945054944844	308.0188722744141	8.185452315956354e-11	-1.9025154088719637e-23	
776	0.0	-0.015871428571428647	308.0188722744141	8.185452315956354e-11	-1.9025154088719637e-23	
777	0.0	-0.01098791208791178	308.0188722744141	8.185452315956354e-11	-1.9025154088719637e-23	
778	0.0	-0.01098791208791178	308.0188722744141	8.185452315956354e-11	-1.9025154088719637e-23	
779	0.0	-0.023196703296702943	308.0188722744141	8.185452315956354e-11	-1.9025154088719637e-23	
780	0.0	-0.008546153846153681	308.0188722744141	8.185452315956354e-11	-1.9025154088719637e-23	
781	0.0	-0.0061043956043955825	308.0188722744141	8.185452315956354e-11	-1.9025154088719637e-23	
782	0.0	-0.015871428571428647	308.0188722744141	8.185452315956354e-11	-1.9025154088719637e-23	
783	0.0	0.0012208791208793855	308.0188722744141	8.185452315956354e-11	-1.9025154088719637e-23	
784	0.0	-0.020754945054944844	308.0188722744141	8.185452315956354e-11	-1.9025154088719637e-23	
785	0.0	-0.01098791208791178	308.0188722744141	8.185452315956354e-11	-1.9025154088719637e-23	
786	0.0	0.0012208791208793855	308.0188722744141	8.185452315956354e-11	-1.9025154088719637e-23	
787	0.0	-0.015871428571428647	308.0188722744141	8.185452315956354e-11	-1.9025154088719637e-23	
788	0.0	0.0012208791208793855	308.0188722744141	8.185452315956354e-11	-1.9025154088719637e-23	
789	0.0	-0.0012208791208793855	308.0188722744141	8.185452315956354e-11	-1.9025154088719637e-23	
790	0.0	0.008546153846153681	308.0188722744141	8.185452315956354e-11	-1.9025154088719637e-23	
791	0.0	-0.008546153846153681	308.0188722744141	8.185452315956354e-11	-1.9025154088719637e-23	
792	0.0	-0.015871428571428647	308.0188722744141	8.185452315956354e-11	-1.9025154088719637e-23	
793	0.0	-0.01098791208791178	308.0188722744141	8.185452315956354e-11	-1.9025154088719637e-23	
794	0.0	-0.015871428571428647	308.0188722744141	8.185452315956354e-11	-1.9025154088719637e-23	
795	0.0	-0.0012208791208793855	308.0188722744141	8.185452315956354e-11	-1.9025154088719637e-23	
796	0.0	0.0061043956043955825	308.0188722744141	8.185452315956354e-11	-1.9025154088719637e-23	
797	0.0	0.015871428571428647	308.0188722744141	8.185452315956354e-11	-1.9025154088719637e-23	
798	0.0	-0.018313186813186746	308.0188722744141	8.185452315956354e-11	-1.9025154088719637e-23	
799	0.0	-0.003662637362637484	308.0188722744141	8.185452315956354e-11	-1.9025154088719637e-23	
800	0.0	-0.0012208791208793855	308.0188722744141	8.185452315956354e-11	-1.9025154088719637e-23	
801	0.0	-0.008546153846153681	308.0188722744141	8.185452315956354e-11	-1.9025154088719637e-23	
802	0.0	-0.008546153846153681	308.0188722744141	8.185452315956354e-11	-1.9025154088719637e-23	
803	0.0	-0.018313186813186746	308.0188722744141	8.185452315956354e-11	-1.9025154088719637e-23	
804	0.0	-0.0012208791208793855	308.0188722744141	8.185452315956354e-11	-1.9025154088719637e-23	
805	0.0	-0.0012208791208793855	308.0188722744141	8.185452315956354e-11	-1.9025154088719637e-23	
806	0.0	-0.003662637362637484	308.0188722744141	8.185452315956354e-11	-1.9025154088719637e-23	
807	0.0	-0.020754945054944844	308.0188722744141	8.185452315956354e-11	-1.9025154088719637e-23	
808	0.0	-0.003662637362637484	308.0188722744141	8.185452315956354e-11	-1.9025154088719637e-23	
809	0.0	-0.01098791208791178	308.0188722744141	8.185452315956354e-11	-1.9025154088719637e-23	
810	0.0	-0.018313186813186746	308.0188722744141	8.185452315956354e-11	-1.9025154088719637e-23	
811	0.0	-0.003662637362637484	308.0188722744141	8.185452315956354e-11	-1.9025154088719637e-23	
812	0.0	-0.0061043956043955825	308.0188722744141	8.185452315956354e-11	-1.9025154088719637e-23	
813	0.0	-0.018313186813186746	308.0188722744141	8.185452315956354e-11	-1.9025154088719637e-23	
814	0.0	0.0012208791208793855	308.0188722744141	8.185452315956354e-11	-1.9025154088719637e-23	
815	0.0	-0.003662637362637484	308.0188722744141	8.185452315956354e-11	-1.9025154088719637e-23	
816	0.0	-0.01098791208791178	308.0188722744141	8.185452315956354e-11	-1.9025154088719637e-23	
817	0.0	-0.0061043956043955825	308.0188722744141	8.185452315956354e-11	-1.9025154088719637e-23	
818	0.0	-0.01098791208791178	308.0188722744141	8.185452315956354e-11	-1.9025154088719637e-23	
819	0.0	-0.023196703296702943	308.0188722744141	8.185452315956354e-11	-1.9025154088719637e-23	
820	0.0	-0.015871428571428647	308.0188722744141	8.185452315956354e-11	-1.9025154088719637e-23	
821	0.0	-0.01098791208791178	308.0188722744141	8.185452315956354e-11	-1.9025154088719637e-23	
822	0.0	-0.01098791208791178	308.0188722744141	8.185452315956354e-11	-1.9025154088719637e-23	
823	0.0	-0.018313186813186746	308.0188722744141	8.185452315956354e-11	-1.9025154088719637e-23	
824	0.0	-0.01098791208791178	308.0188722744141	8.185452315956354e-11	-1.9025154088719637e-23	
825	0.0	-0.01098791208791178	308.0188722744141	8.185452315956354e-11	-1.9025154088719637e-23	
826	0.0	0.003662637362637484	308.0188722744141	8.185452315956354e-11	-1.9025154088719637e-23	
827	0.0	-0.003662637362637484	308.0188722744141	8.185452315956354e-11	-1.9025154088719637e-23	
828	0.0	0.0012208791208793855	308.0188722744141	8.185452315956354e-11	-1.9025154088719637e-23	
829	0.0	-0.008546153846153681	308.0188722744141	8.185452315956354e-11	-1.9025154088719637e-23	
830	0.0	-0.03052197802197791	308.0188722744141	8.185452315956354e-11	-1.9025154088719637e-23	
831	0.0	-0.0061043956043955825	308.0188722744141	8.185452315956354e-11	-1.9025154088719637e-23	
832	0.0	0.0012208791208793855	308.0188722744141	8.185452315956354e-11	-1.9025154088719637e-23	
833	0.0	-0.01098791208791178	308.0188722744141	8.185452315956354e-11	-1.9025154088719637e-23	
834	0.0	0.0012208791208793855	308.0188722744141	8.185452315956354e-11	-1.9025154088719637e-23	
835	0.0	-0.015871428571428647	308.0188722744141	8.185452315956354e-11	-1.9025154088719637e-23	
836	0.0	-0.01342967032967055	308.0188722744141	8.185452315956354e-11	-1.9025154088719637e-23	
837	0.0	-0.01098791208791178	308.0188722744141	8.185452315956354e-11	-1.9025154088719637e-23	
838	0.0	-0.01098791208791178	308.0188722744141	8.185452315956354e-11	-1.9025154088719637e-23	
839	0.0	-0.0061043956043955825	308.0188722744141	8.185452315956354e-11	-1.9025154088719637e-23	
840	0.0	-0.018313186813186746	308.0188722744141	8.185452315956354e-11	-1.9025154088719637e-23	
841	0.0	0.020754945054944844	308.0188722744141	8.185452315956354e-11	-1.9025154088719637e-23	
842	0.0	0.003662637362637484	308.0188722744141	8.185452315956354e-11	-1.9025154088719637e-23	
843	0.0	-0.003662637362637484	308.0188722744141	8.185452315956354e-11	-1.9025154088719637e-23	
844	0.0	-0.0061043956043955825	308.0188722744141	8.185452315956354e-11	-1.9025154088719637e-23	
845	0.0	-0.01342967032967055	308.0188722744141	8.185452315956354e-11	-1.9025154088719637e-23	
846	0.0	-0.0012208791208793855	308.0188722744141	8.185452315956354e-11	-1.9025154088719637e-23	
847	0.0	-0.008546153846153681	308.0188722744141	8.185452315956354e-11	-1.9025154088719637e-23	
848	0.0	-0.0012208791208793855	308.0188722744141	8.185452315956354e-11	-1.9025154088719637e-23	
849	0.0	0.0012208791208793855	308.0188722744141	8.185452315956354e-11	-1.9025154088719637e-23	
850	0.0	0.0012208791208793855	308.0188722744141	8.185452315956354e-11	-1.9025154088719637e-23	
851	0.0	0.0012208791208793855	308.0188722744141	8.185452315956354e-11	-1.9025154088719637e-23	
852	0.0	-0.008546153846153681	308.0188722744141	8.185452315956354e-11	-1.9025154088719637e-23	
853	0.0	0.003662637362637484	308.0188722744141	8.185452315956354e-11	-1.9025154088719637e-23	
854	0.0	-0.01342967032967055	308.0188722744141	8.185452315956354e-11	-1.9025154088719637e-23	
855	0.0	-0.015871428571428647	308.0188722744141	8.185452315956354e-11	-1.9025154088719637e-23	
856	0.0	-0.008546153846153681	308.0188722744141	8.185452315956354e-11	-1.9025154088719637e-23	
857	0.0	-0.0061043956043955825	308.0188722744141	8.185452315956354e-11	-1.9025154088719637e-23	
858	0.0	-0.01342967032967055	308.0188722744141	8.185452315956354e-11	-1.9025154088719637e-23	
859	0.0	-0.01098791208791178	308.0188722744141	8.185452315956354e-11	-1.9025154088719637e-23	
860	0.0	-0.003662637362637484	308.0188722744141	8.185452315956354e-11	-1.9025154088719637e-23	
861	0.0	-0.015871428571428647	308.0188722744141	8.185452315956354e-11	-1.9025154088719637e-23	
862	0.0	-0.01098791208791178	308.0188722744141	8.185452315956354e-11	-1.9025154088719637e-23	
863	0.0	-0.01342967032967055	308.0188722744141	8.185452315956354e-11	-1.9025154088719637e-23	
864	0.0	-0.01342967032967055	308.0188722744141	8.185452315956354e-11	-1.9025154088719637e-23	
865	0.0	-0.01342967032967055	308.0188722744141	8.185452315956354e-11	-1.9025154088719637e-23	
866	0.0	0.0012208791208793855	308.0188722744141	8.185452315956354e-11	-1.9025154088719637e-23	
867	0.0	-0.01342967032967055	308.0188722744141	8.185452315956354e-11	-1.9025154088719637e-23	
868	0.0	-0.008546153846153681	308.0188722744141	8.185452315956354e-11	-1.9025154088719637e-23	
869	0.0	-0.0012208791208793855	308.0188722744141	8.185452315956354e-11	-1.9025154088719637e-23	
870	0.0	-0.0061043956043955825	308.0188722744141	8.185452315956354e-11	-1.9025154088719637e-23	
871	0.0	-0.01098791208791178	308.0188722744141	8.185452315956354e-11	-1.9025154088719637e-23	
872	0.0	-0.008546153846153681	308.0188722744141	8.185452315956354e-11	-1.9025154088719637e-23	
873	0.0	-0.018313186813186746	308.0188722744141	8.185452315956354e-11	-1.9025154088719637e-23	
874	0.0	-0.003662637362637484	308.0188722744141	8.185452315956354e-11	-1.9025154088719637e-23	
875	0.0	-0.0061043956043955825	308.0188722744141	8.185452315956354e-11	-1.9025154088719637e-23	
876	0.0	-0.01342967032967055	308.0188722744141	8.185452315956354e-11	-1.9025154088719637e-23	
877	0.0	-0.01342967032967055	308.0188722744141	8.185452315956354e-11	-1.9025154088719637e-23	
878	0.0	-0.023196703296702943	308.0188722744141	8.185452315956354e-11	-1.9025154088719637e-23	
879	0.0	-0.0061043956043955825	308.0188722744141	8.185452315956354e-11	-1.9025154088719637e-23	
880	0.0	-0.020754945054944844	308.0188722744141	8.185452315956354e-11	-1.9025154088719637e-23	
881	0.0	-0.020754945054944844	308.0188722744141	8.185452315956354e-11	-1.9025154088719637e-23	
882	0.0	0.0012208791208793855	308.0188722744141	8.185452315956354e-11	-1.9025154088719637e-23	
883	0.0	-0.0061043956043955825	308.0188722744141	8.185452315956354e-11	-1.9025154088719637e-23	
884	0.0	-0.028080219780219812	308.0188722744141	8.185452315956354e-11	-1.9025154088719637e-23	
885	0.0	-0.0012208791208793855	308.0188722744141	8.185452315956354e-11	-1.9025154088719637e-23	
886	0.0	-0.0061043956043955825	308.0188722744141	8.185452315956354e-11	-1.9025154088719637e-23	
887	0.0	0.003662637362637484	308.0188722744141	8.185452315956354e-11	-1.9025154088719637e-23	
888	0.0	0.0012208791208793855	308.0188722744141	8.185452315956354e-11	-1.9025154088719637e-23	
889	0.0	-0.018313186813186746	308.0188722744141	8.185452315956354e-11	-1.9025154088719637e-23	
890	0.0	-0.015871428571428647	308.0188722744141	8.185452315956354e-11	-1.9025154088719637e-23	
891	0.0	-0.0061043956043955825	308.0188722744141	8.185452315956354e-11	-1.9025154088719637e-23	
892	0.0	-0.0012208791208793855	308.0188722744141	8.185452315956354e-11	-1.9025154088719637e-23	
893	0.0	-0.008546153846153681	308.0188722744141	8.185452315956354e-11	-1.9025154088719637e-23	
894	0.0	-0.0061043956043955825	308.0188722744141	8.185452315956354e-11	-1.9025154088719637e-23	
895	0.0	-0.01098791208791178	308.0188722744141	8.185452315956354e-11	-1.9025154088719637e-23	
896	0.0	-0.015871428571428647	308.0188722744141	8.185452315956354e-11	-1.9025154088719637e-23	
897	0.0	-0.023196703296702943	308.0188722744141	8.185452315956354e-11	-1.9025154088719637e-23	
898	0.0	-0.01098791208791178	308.0188722744141	8.185452315956354e-11	-1.9025154088719637e-23	
899	0.0	-0.0061043956043955825	308.0188722744141	8.185452315956354e-11	-1.9025154088719637e-23	
900	0.0	-0.01342967032967055	308.0188722744141	8.185452315956354e-11	-1.9025154088719637e-23	
901	0.0	0.0012208791208793855	308.0188722744141	8.185452315956354e-11	-1.9025154088719637e-23	
902	0.0	0.0012208791208793855	308.0188722744141	8.185452315956354e-11	-1.9025154088719637e-23	
903	0.0	-0.0012208791208793855	308.0188722744141	8.185452315956354e-11	-1.9025154088719637e-23	
904	0.0	-0.008546153846153681	308.0188722744141	8.185452315956354e-11	-1.9025154088719637e-23	
905	0.0	-0.008546153846153681	308.0188722744141	8.185452315956354e-11	-1.9025154088719637e-23	
906	0.0	-0.015871428571428647	308.0188722744141	8.185452315956354e-11	-1.9025154088719637e-23	
907	0.0	-0.015871428571428647	308.0188722744141	8.185452315956354e-11	-1.9025154088719637e-23	
908	0.0	-0.0061043956043955825	308.0188722744141	8.185452315956354e-11	-1.9025154088719637e-23	
909	0.0	-0.0012208791208793855	308.0188722744141	8.185452315956354e-11	-1.9025154088719637e-23	
910	0.0	0.003662637362637484	308.0188722744141	8.185452315956354e-11	-1.9025154088719637e-23	
911	0.0	-0.008546153846153681	308.0188722744141	8.185452315956354e-11	-1.9025154088719637e-23	
912	0.0	0.0012208791208793855	308.0188722744141	8.185452315956354e-11	-1.9025154088719637e-23	
913	0.0	-0.0012208791208793855	308.0188722744141	8.185452315956354e-11	-1.9025154088719637e-23	
914	0.0	-0.020754945054944844	308.0188722744141	8.185452315956354e-11	-1.9025154088719637e-23	
915	0.0	-0.0012208791208793855	308.0188722744141	8.185452315956354e-11	-1.9025154088719637e-23	
916	0.0	-0.018313186813186746	308.0188722744141	8.185452315956354e-11	-1.9025154088719637e-23	
917	0.0	-0.023196703296702943	308.0188722744141	8.185452315956354e-11	-1.9025154088719637e-23	
918	0.0	-0.01098791208791178	308.0188722744141	8.185452315956354e-11	-1.9025154088719637e-23	
919	0.0	-0.0061043956043955825	308.0188722744141	8.185452315956354e-11	-1.9025154088719637e-23	
920	0.0	-0.0061043956043955825	308.0188722744141	8.185452315956354e-11	-1.9025154088719637e-23	
921	0.0	-0.0061043956043955825	308.0188722744141	8.185452315956354e-11	-1.9025154088719637e-23	
922	0.0	-0.015871428571428647	308.0188722744141	8.185452315956354e-11	-1.9025154088719637e-23	
923	0.0	-0.01342967032967055	308.0188722744141	8.185452315956354e-11	-1.9025154088719637e-23	
924	0.0	-0.015871428571428647	308.0188722744141	8.185452315956354e-11	-1.9025154088719637e-23	
925	0.0	-0.03296373626373601	308.0188722744141	8.185452315956354e-11	-1.9025154088719637e-23	
926	0.0	-0.020754945054944844	308.0188722744141	8.185452315956354e-11	-1.9025154088719637e-23	
927	0.0	0.003662637362637484	308.0188722744141	8.185452315956354e-11	-1.9025154088719637e-23	
928	0.0	-0.0061043956043955825	308.0188722744141	8.185452315956354e-11	-1.9025154088719637e-23	
929	0.0	-0.003662637362637484	308.0188722744141	8.185452315956354e-11	-1.9025154088719637e-23	
930	0.0	-0.003662637362637484	308.0188722744141	8.185452315956354e-11	-1.9025154088719637e-23	
931	0.0	-0.01342967032967055	308.0188722744141	8.185452315956354e-11	-1.9025154088719637e-23	
932	0.0	-0.01098791208791178	308.0188722744141	8.185452315956354e-11	-1.9025154088719637e-23	
933	0.0	-0.01098791208791178	308.0188722744141	8.185452315956354e-11	-1.9025154088719637e-23	
934	0.0	-0.018313186813186746	308.0188722744141	8.185452315956354e-11	-1.9025154088719637e-23	
935	0.0	-0.0012208791208793855	308.0188722744141	8.185452315956354e-11	-1.9025154088719637e-23	
936	0.0	-0.01098791208791178	308.0188722744141	8.185452315956354e-11	-1.9025154088719637e-23	
937	0.0	0.0012208791208793855	308.0188722744141	8.185452315956354e-11	-1.9025154088719637e-23	
938	0.0	0.01342967032967055	308.0188722744141	8.185452315956354e-11	-1.9025154088719637e-23	
939	0.0	0.0012208791208793855	308.0188722744141	8.185452315956354e-11	-1.9025154088719637e-23	
940	0.0	-0.020754945054944844	308.0188722744141	8.185452315956354e-11	-1.9025154088719637e-23	
941	0.0	0.0012208791208793855	308.0188722744141	8.185452315956354e-11	-1.9025154088719637e-23	
942	0.0	-0.008546153846153681	308.0188722744141	8.185452315956354e-11	-1.9025154088719637e-23	
943	0.0	-0.015871428571428647	308.0188722744141	8.185452315956354e-11	-1.9025154088719637e-23	
944	0.0	0.0012208791208793855	308.0188722744141	8.185452315956354e-11	-1.9025154088719637e-23	
945	0.0	-0.008546153846153681	308.0188722744141	8.185452315956354e-11	-1.9025154088719637e-23	
946	0.0	-0.01342967032967055	308.0188722744141	8.185452315956354e-11	-1.9025154088719637e-23	
947	0.0	-0.0061043956043955825	308.0188722744141	8.185452315956354e-11	-1.9025154088719637e-23	
948	0.0	-0.025638461538461714	308.0188722744141	8.185452315956354e-11	-1.9025154088719637e-23	
949	0.0	-0.015871428571428647	308.0188722744141	8.185452315956354e-11	-1.9025154088719637e-23	
950	0.0	-0.01342967032967055	308.0188722744141	8.185452315956354e-11	-1.9025154088719637e-23	
951	0.0	-0.015871428571428647	308.0188722744141	8.185452315956354e-11	-1.9025154088719637e-23	
952	0.0	0.0012208791208793855	308.0188722744141	8.185452315956354e-11	-1.9025154088719637e-23	
953	0.0	0.0012208791208793855	308.0188722744141	8.185452315956354e-11	-1.9025154088719637e-23	
954	0.0	-0.0061043956043955825	308.0188722744141	8.185452315956354e-11	-1.9025154088719637e-23	
955	0.0	-0.008546153846153681	308.0188722744141	8.185452315956354e-11	-1.9025154088719637e-23	
956	0.0	0.003662637362637484	308.0188722744141	8.185452315956354e-11	-1.9025154088719637e-23	
957	0.0	-0.020754945054944844	308.0188722744141	8.185452315956354e-11	-1.9025154088719637e-23	
958	0.0	-0.020754945054944844	308.0188722744141	8.185452315956354e-11	-1.9025154088719637e-23	
959	0.0	-0.003662637362637484	308.0188722744141	8.185452315956354e-11	-1.9025154088719637e-23	
960	0.0	0.003662637362637484	308.0188722744141	8.185452315956354e-11	-1.9025154088719637e-23	
961	0.0	-0.0012208791208793855	308.0188722744141	8.185452315956354e-11	-1.9025154088719637e-23	
962	0.0	-0.0061043956043955825	308.0188722744141	8.185452315956354e-11	-1.9025154088719637e-23	
963	0.0	0.0012208791208793855	308.0188722744141	8.185452315956354e-11	-1.9025154088719637e-23	
964	0.0	0.008546153846153681	308.0188722744141	8.185452315956354e-11	-1.9025154088719637e-23	
965	0.0	-0.028080219780219812	308.0188722744141	8.185452315956354e-11	-1.9025154088719637e-23	
966	0.0	-0.015871428571428647	308.0188722744141	8.185452315956354e-11	-1.9025154088719637e-23	
967	0.0	-0.01098791208791178	308.0188722744141	8.185452315956354e-11	-1.9025154088719637e-23	
968	0.0	-0.023196703296702943	308.0188722744141	8.185452315956354e-11	-1.9025154088719637e-23	
969	0.0	-0.020754945054944844	308.0188722744141	8.185452315956354e-11	-1.9025154088719637e-23	
970	0.0	-0.003662637362637484	308.0188722744141	8.185452315956354e-11	-1.9025154088719637e-23	
971	0.0	-0.0061043956043955825	308.0188722744141	8.185452315956354e-11	-1.9025154088719637e-23	
