0	0.0	-0.015871428571428647	0.0	0.0	0.0	
1	0.0	-0.020754945054944844	0.0	0.0	0.0	
2	0.0	-0.008546153846153681	0.0	0.0	0.0	
3	0.0	-0.01098791208791178	0.0	0.0	0.0	
4	0.0	-0.01098791208791178	0.0	0.0	0.0	
5	0.0	-0.028080219780219812	0.0	0.0	0.0	
6	0.0	-0.020754945054944844	0.0	0.0	0.0	
7	0.0	-0.015871428571428647	0.0	0.0	0.0	
8	0.0	-0.023196703296702943	0.0	0.0	0.0	
9	0.0	-0.008546153846153681	0.0	0.0	0.0	
10	0.0	-0.015871428571428647	0.0	0.0	0.0	
11	0.0	-0.01342967032967055	0.0	0.0	0.0	
12	0.0	-0.01098791208791178	0.0	0.0	0.0	
13	0.0	-0.01342967032967055	0.0	0.0	0.0	
14	0.0	-0.0061043956043955825	0.0	0.0	0.0	
15	0.0	-0.020754945054944844	0.0	0.0	0.0	
16	0.0	-0.015871428571428647	0.0	0.0	0.0	
17	0.0	0.0012208791208793855	0.0	0.0	0.0	
18	0.0	-0.020754945054944844	0.0	0.0	0.0	
19	0.0	0.015871428571428647	0.0	0.0	0.0	
20	0.0	-0.03540549450549411	0.0	0.0	0.0	
21	0.0	-0.020754945054944844	0.0	0.0	0.0	
22	0.0	-0.0061043956043955825	0.0	0.0	0.0	
23	0.0	-0.015871428571428647	0.0	0.0	0.0	
24	0.0	-0.015871428571428647	0.0	0.0	0.0	
25	0.0	-0.025638461538461714	0.0	0.0	0.0	
26	0.0	-0.023196703296702943	0.0	0.0	0.0	
27	0.0	-0.01098791208791178	0.0	0.0	0.0	
28	0.0	-0.01342967032967055	0.0	0.0	0.0	
29	0.0	-0.01098791208791178	0.0	0.0	0.0	
30	0.0	-0.04028901098901098	0.0	0.0	0.0	
31	0.0	-0.015871428571428647	0.0	0.0	0.0	
32	0.0	-0.018313186813186746	0.0	0.0	0.0	
33	0.0	-0.018313186813186746	0.0	0.0	0.0	
34	0.0	-0.0061043956043955825	0.0	0.0	0.0	
35	0.0	-0.03296373626373601	0.0	0.0	0.0	
36	0.0	-0.0061043956043955825	0.0	0.0	0.0	
37	0.0	-0.015871428571428647	0.0	0.0	0.0	
38	0.0	-0.0061043956043955825	0.0	0.0	0.0	
39	0.0	-0.01342967032967055	0.0	0.0	0.0	
40	0.0	-0.01098791208791178	0.0	0.0	0.0	
41	0.0	-0.025638461538461714	0.0	0.0	0.0	
42	0.0	-0.020754945054944844	0.0	0.0	0.0	
43	0.0	-0.015871428571428647	0.0	0.0	0.0	
44	0.0	-0.018313186813186746	0.0	0.0	0.0	
45	0.0	-0.020754945054944844	0.0	0.0	0.0	
46	0.0	-0.020754945054944844	0.0	0.0	0.0	
47	0.0	-0.008546153846153681	0.0	0.0	0.0	
48	0.0	-0.018313186813186746	0.0	0.0	0.0	
49	0.0	-0.03296373626373601	0.0	0.0	0.0	
50	0.0	-0.01342967032967055	0.0	0.0	0.0	
51	0.0	-0.020754945054944844	0.0	0.0	0.0	
52	0.0	-0.01342967032967055	0.0	0.0	0.0	
53	0.0	-0.003662637362637484	0.0	0.0	0.0	
54	0.0	-0.020754945054944844	0.0	0.0	0.0	
55	0.0	-0.03784725274725288	0.0	0.0	0.0	
56	0.0	-0.025638461538461714	0.0	0.0	0.0	
57	0.0	-0.020754945054944844	0.0	0.0	0.0	
58	0.0	-0.023196703296702943	0.0	0.0	0.0	
59	0.0	-0.018313186813186746	0.0	0.0	0.0	
60	0.0	-0.03052197802197791	0.0	0.0	0.0	
61	0.0	-0.018313186813186746	0.0	0.0	0.0	
62	0.0	-0.01342967032967055	0.0	0.0	0.0	
63	0.0	-0.020754945054944844	0.0	0.0	0.0	
64	0.0	-0.01342967032967055	0.0	0.0	0.0	
65	0.0	-0.015871428571428647	0.0	0.0	0.0	
66	0.0	-0.03784725274725288	0.0	0.0	0.0	
67	0.0	-0.01098791208791178	0.0	0.0	0.0	
68	0.0	-0.015871428571428647	0.0	0.0	0.0	
69	0.0	-0.008546153846153681	0.0	0.0	0.0	
70	0.0	-0.025638461538461714	0.0	0.0	0.0	
71	0.0	-0.01342967032967055	0.0	0.0	0.0	
72	0.0	0.0012208791208793855	0.0	0.0	0.0	
73	0.0	0.0012208791208793855	0.0	0.0	0.0	
74	0.0	-0.015871428571428647	0.0	0.0	0.0	
75	0.0	-0.025638461538461714	0.0	0.0	0.0	
76	0.0	0.0012208791208793855	0.0	0.0	0.0	
77	0.0	-0.025638461538461714	0.0	0.0	0.0	
78	0.0	-0.025638461538461714	0.0	0.0	0.0	
79	0.0	-0.020754945054944844	0.0	0.0	0.0	
80	0.0	-0.025638461538461714	0.0	0.0	0.0	
81	0.0	-0.01098791208791178	0.0	0.0	0.0	
82	0.0	-0.008546153846153681	0.0	0.0	0.0	
83	0.0	-0.0061043956043955825	0.0	0.0	0.0	
84	0.0	-0.015871428571428647	0.0	0.0	0.0	
85	0.0	-0.015871428571428647	0.0	0.0	0.0	
86	0.0	-0.03540549450549411	0.0	0.0	0.0	
87	0.0	-0.020754945054944844	0.0	0.0	0.0	
88	0.0	-0.01098791208791178	0.0	0.0	0.0	
89	0.0	-0.023196703296702943	0.0	0.0	0.0	
90	0.0	-0.0012208791208793855	0.0	0.0	0.0	
91	0.0	-0.018313186813186746	0.0	0.0	0.0	
92	0.0	-0.025638461538461714	0.0	0.0	0.0	
93	0.0	-0.003662637362637484	0.0	0.0	0.0	
94	0.0	-0.015871428571428647	0.0	0.0	0.0	
95	0.0	-0.03052197802197791	0.0	0.0	0.0	
96	0.0	-0.020754945054944844	0.0	0.0	0.0	
97	0.0	-0.018313186813186746	0.0	0.0	0.0	
98	0.0	-0.01342967032967055	0.0	0.0	0.0	
99	0.0	0.0012208791208793855	0.0	0.0	0.0	
100	0.0	-0.01342967032967055	0.0	0.0	0.0	
101	0.0	-0.020754945054944844	0.0	0.0	0.0	
102	0.0	-0.025638461538461714	0.0	0.0	0.0	
103	0.0	-0.003662637362637484	0.0	0.0	0.0	
104	0.0	-0.018313186813186746	0.0	0.0	0.0	
105	0.0	-0.01098791208791178	0.0	0.0	0.0	
106	0.0	-0.0012208791208793855	0.0	0.0	0.0	
107	0.0	-0.018313186813186746	0.0	0.0	0.0	
108	0.0	-0.008546153846153681	0.0	0.0	0.0	
109	0.0	0.0012208791208793855	0.0	0.0	0.0	
110	0.0	-0.018313186813186746	0.0	0.0	0.0	
111	0.0	-0.0012208791208793855	0.0	0.0	0.0	
112	0.0	-0.015871428571428647	0.0	0.0	0.0	
113	0.0	-0.0061043956043955825	0.0	0.0	0.0	
114	0.0	-0.01342967032967055	0.0	0.0	0.0	
115	0.0	-0.01098791208791178	0.0	0.0	0.0	
116	0.0	-0.01342967032967055	0.0	0.0	0.0	
117	0.0	-0.01098791208791178	0.0	0.0	0.0	
118	0.0	-0.008546153846153681	0.0	0.0	0.0	
119	0.0	-0.020754945054944844	0.0	0.0	0.0	
120	0.0	-0.008546153846153681	0.0	0.0	0.0	
121	0.0	-0.025638461538461714	0.0	0.0	0.0	
122	0.0	-0.003662637362637484	0.0	0.0	0.0	
123	0.0	0.003662637362637484	0.0	0.0	0.0	
124	0.0	-0.008546153846153681	0.0	0.0	0.0	
125	0.0	-0.008546153846153681	0.0	0.0	0.0	
126	0.0	-0.015871428571428647	0.0	0.0	0.0	
127	0.0	-0.0061043956043955825	0.0	0.0	0.0	
128	0.0	-0.0061043956043955825	0.0	0.0	0.0	
129	0.0	-0.008546153846153681	0.0	0.0	0.0	
130	0.0	0.0012208791208793855	0.0	0.0	0.0	
131	0.0	-0.01342967032967055	0.0	0.0	0.0	
132	0.0	0.025638461538461714	0.0	0.0	0.0	
133	0.0	-0.01098791208791178	0.0	0.0	0.0	
134	0.0	0.0012208791208793855	0.0	0.0	0.0	
135	0.0	-0.018313186813186746	0.0	0.0	0.0	
136	0.0	-0.0061043956043955825	0.0	0.0	0.0	
137	0.0	-0.015871428571428647	0.0	0.0	0.0	
138	0.0	-0.008546153846153681	0.0	0.0	0.0	
139	0.0	-0.0061043956043955825	0.0	0.0	0.0	
140	0.0	0.0012208791208793855	0.0	0.0	0.0	
141	0.0	0.008546153846153681	0.0	0.0	0.0	
142	0.0	-0.015871428571428647	0.0	0.0	0.0	
143	0.0	-0.03052197802197791	0.0	0.0	0.0	
144	0.0	-0.003662637362637484	0.0	0.0	0.0	
145	0.0	-0.020754945054944844	0.0	0.0	0.0	
146	0.0	0.0012208791208793855	0.0	0.0	0.0	
147	0.0	-0.01098791208791178	0.0	0.0	0.0	
148	0.0	-0.0061043956043955825	0.0	0.0	0.0	
149	0.0	0.0012208791208793855	0.0	0.0	0.0	
150	0.0	-0.01342967032967055	0.0	0.0	0.0	
151	0.0	-0.0012208791208793855	0.0	0.0	0.0	
152	0.0	-0.023196703296702943	0.0	0.0	0.0	
153	0.0	-0.020754945054944844	0.0	0.0	0.0	
154	0.0	-0.015871428571428647	0.0	0.0	0.0	
155	0.0	-0.0061043956043955825	0.0	0.0	0.0	
156	0.0	-0.018313186813186746	0.0	0.0	0.0	
157	0.0	-0.020754945054944844	0.0	0.0	0.0	
158	0.0	-0.01098791208791178	0.0	0.0	0.0	
159	0.0	0.003662637362637484	0.0	0.0	0.0	
160	0.0	-0.003662637362637484	0.0	0.0	0.0	
161	0.0	-0.015871428571428647	0.0	0.0	0.0	
162	0.0	0.0012208791208793855	0.0	0.0	0.0	
163	0.0	-0.015871428571428647	0.0	0.0	0.0	
164	0.0	-0.025638461538461714	0.0	0.0	0.0	
165	0.0	0.020754945054944844	0.0	0.0	0.0	
166	0.0	-0.015871428571428647	0.0	0.0	0.0	
167	0.0	-0.008546153846153681	0.0	0.0	0.0	
168	0.0	-0.020754945054944844	0.0	0.0	0.0	
169	0.0	-0.015871428571428647	0.0	0.0	0.0	
170	0.0	-0.0012208791208793855	0.0	0.0	0.0	
171	0.0	-0.0012208791208793855	0.0	0.0	0.0	
172	0.0	0.0012208791208793855	0.0	0.0	0.0	
173	0.0	-0.01098791208791178	0.0	0.0	0.0	
174	0.0	-0.003662637362637484	0.0	0.0	0.0	
175	0.0	-0.003662637362637484	0.0	0.0	0.0	
176	0.0	0.003662637362637484	0.0	0.0	0.0	
177	0.0	-0.008546153846153681	0.0	0.0	0.0	
178	0.0	-0.028080219780219812	0.0	0.0	0.0	
179	0.0	-0.01342967032967055	0.0	0.0	0.0	
180	0.0	-0.01098791208791178	0.0	0.0	0.0	
181	0.0	-0.01342967032967055	0.0	0.0	0.0	
182	0.0	0.0012208791208793855	0.0	0.0	0.0	
183	0.0	-0.01342967032967055	0.0	0.0	0.0	
184	0.0	-0.028080219780219812	0.0	0.0	0.0	
185	0.0	-0.01342967032967055	0.0	0.0	0.0	
186	0.0	0.008546153846153681	0.0	0.0	0.0	
187	0.0	0.0012208791208793855	0.0	0.0	0.0	
188	0.0	-0.003662637362637484	0.0	0.0	0.0	
189	0.0	-0.03052197802197791	0.0	0.0	0.0	
190	0.0	-0.020754945054944844	0.0	0.0	0.0	
191	0.0	-0.020754945054944844	0.0	0.0	0.0	
192	0.0	0.003662637362637484	0.0	0.0	0.0	
193	0.0	0.0061043956043955825	0.0	0.0	0.0	
194	0.0	-0.0061043956043955825	0.0	0.0	0.0	
195	0.0	-0.01342967032967055	0.0	0.0	0.0	
196	0.0	-0.025638461538461714	0.0	0.0	0.0	
197	0.0	0.0012208791208793855	0.0	0.0	0.0	
198	0.0	0.0012208791208793855	0.0	0.0	0.0	
199	0.0	-0.008546153846153681	0.0	0.0	0.0	
200	50.0	0.0012208791208793855	0.0	0.0	0.0	
201	50.0	-0.018313186813186746	0.010737870117187501	0.536893505859375	26.844675292968752	
202	50.0	-0.003662637362637484	0.050621387695312506	2.3198182600518638	107.6428925134059	
203	50.0	-0.003662637362637484	0.11811657128906251	4.781800117571797	197.9564116088922	
204	50.0	-0.008546153846153681	0.21322342089843752	7.6556509391378516	283.4827670975447	
205	50.0	0.7361901098901094	0.33440795507812504	10.702613849698793	355.8665616875911	
206	50.0	1.3856978021978013	0.48473813671875005	14.007972697184009	425.257221338948	
207	50.0	1.8642824175824169	0.6611460029296875	17.316658462482845	481.14481294113347	
208	50.0	2.1890362637362633	0.86516553515625	20.70406117775842	532.6256037638107	
209	50.0	2.4380956043956044	1.095262751953125	24.062509065664578	576.3746312940184	
210	50.0	2.628552747252747	1.352971634765625	27.480094034813327	619.7192720617477	
211	50.0	2.7652912087912083	1.63829218359375	30.933547457835452	661.8991324264798	
212	50.0	2.8361021978021976	1.9496904169921876	34.33205712617333	698.9798546713453	
213	50.0	2.894704395604395	2.2871663349609377	37.697241721830665	733.8220996834427	
214	50.0	2.967957142857142	2.653787900390625	41.19561178315256	775.4947098867469	
215	50.0	2.9923747252747255	3.044953168945313	44.544665698224534	807.7344183567916	
216	50.0	3.0460934065934064	3.4652640849609377	48.03325200694373	848.0793221588021	
217	50.0	3.0485351648351653	3.910118704101563	51.37637177593402	879.6658610468646	
218	50.0	3.094928571428571	4.382584989257813	54.78465977075214	915.8719123746255	
219	50.0	3.0876032967032963	4.881128958984376	58.15577522138142	950.03160193397	
220	50.0	3.0802780219780224	5.40575061328125	61.50434438364857	983.5280967358021	
221	50.0	3.0924868131868135	5.956449952148438	64.83923853038999	1016.9729100728819	
222	50.0	3.0900450549450547	6.53476095703125	68.24253743298357	1054.433959965755	
223	50.0	3.0924868131868135	7.139149646484376	71.61062684613239	1089.4324187787329	
224	50.0	3.102253846153846	7.769616020507813	74.95736062384037	1123.4847039498231	
225	50.0	3.114462637362637	8.427694060546875	78.36784062580966	1161.1301127360866	
226	50.0	2.9997000000000003	9.11184978515625	81.7402855960188	1196.128733786661	
227	50.0	3.109579120879121	9.822083194335939	85.08966115269538	1230.1133939115248	
228	50.0	3.1046956043956047	10.559928269531252	88.50174347464895	1267.6767096839017	
229	50.0	3.109579120879121	11.323851029296875	91.87516030108145	1302.6006247375826	
230	50.0	3.116904395604396	12.115385455078126	95.30182439063657	1340.3598158518544	
231	50.0	3.102253846153846	12.93299756542969	98.68408550643198	1375.175807115546	
232	50.0	3.0998120879120874	13.778221341796876	102.11611392879433	1412.7320215359514	
233	50.0	3.0998120879120874	14.649522802734376	105.50162867699487	1447.3414925626207	
234	50.0	3.129113186813187	15.548435929687502	108.93563052722061	1484.7218562217936	
235	50.0	3.1193461538461533	16.47342674121094	112.32234221995691	1519.193984039688	
236	50.0	3.1120208791208785	17.422961255859377	115.60367190922955	1548.8025266170143	
237	50.0	3.107137362637362	18.400107436523438	118.97448232521538	1584.7696207295867	
238	50.0	3.0998120879120874	19.403331301757813	122.32286647461376	1619.3671047432517	
239	50.0	3.1120208791208785	20.432632851562502	125.65764840537565	1653.4825785295034	
240	50.0	3.1193461538461533	21.488012085937502	128.98418017326935	1687.5171957625162	
241	50.0	3.1315549450549445	22.57100298632813	132.3824070365656	1725.466004311762	
242	50.0	3.09737032967033	23.678537589843753	135.67072103002397	1757.004213947369	
243	50.0	3.116904395604396	24.813683859375	139.04576764075023	1794.0331131572466	
244	50.0	3.126671428571428	25.974907813476566	142.39672117220948	1829.208747020626	
245	50.0	3.1242296703296697	27.16220945214844	145.73306151200882	1863.6349357583122	
246	50.0	3.109579120879121	28.37712275683594	149.13723757505613	1901.6687334487006	
247	50.0	3.1242296703296697	29.619647727539064	152.58255808519334	1940.8358962391794	
248	50.0	3.116904395604396	30.88671640136719	155.89943582011438	1972.3808279666537	
249	50.0	3.1046956043956047	32.179862759765626	159.21510814399835	2005.1347203713185	
250	50.0	3.116904395604396	33.499086802734375	162.5300493491104	2038.6406271424285	
251	50.0	3.126671428571428	34.845922511718754	165.92124618052685	2076.4489752887966	
252	50.0	3.1120208791208785	36.21730192382813	169.20529624399592	2108.011299557914	
253	50.0	3.1120208791208785	37.61475902050782	172.50105757811662	2141.286170181753	
254	50.0	3.0753945054945047	39.03982778320313	175.88062122941164	2179.2526107504673	
255	50.0	3.121787912087912	40.49097423046875	179.23431448453925	2214.926657893805	
256	50.0	3.114462637362637	41.96819836230469	182.57231655078863	2249.612550309158	
257	50.0	3.0924868131868135	43.47150017871094	185.9008014296378	2283.943074871816	
258	50.0	3.0998120879120874	45.0008796796875	189.22351384237618	2318.2060382552872	
259	50.0	3.08271978021978	46.55633686523438	192.5427250773423	2352.517778317636	
260	50.0	3.109579120879121	48.13940571679688	195.93651181285168	2390.74849546742	
261	50.0	3.1046956043956047	49.74701827148438	199.2221327326015	2422.526729734138	
262	50.0	3.1120208791208785	51.37917452929688	202.44214776698072	2452.073177937078	
263	50.0	3.0998120879120874	53.040476434570316	205.85246803613882	2492.7909294850533	
264	50.0	3.0998120879120874	54.727856024414066	209.22481612349702	2529.6555043131257	
265	50.0	3.107137362637362	56.439779317382815	212.4974338454872	2560.938475437897	
266	50.0	3.0876032967032963	58.17778029492188	215.78626111380208	2594.2216683785336	
267	50.0	3.116904395604396	59.94185895703126	219.08491996920793	2628.4660190989016	
268	50.0	3.09737032967033	61.732015303710945	222.38954198378133	2663.140472651743	
269	50.0	3.0998120879120874	63.54824933496094	225.69778083731535	2697.9830771219968	
270	50.0	3.0998120879120874	65.39056105078126	229.0082134146296	2732.871432973321	
271	50.0	3.0924868131868135	67.26048443261719	232.3966756249779	2771.5883824012635	
272	50.0	3.094928571428571	69.15341753613282	235.60236798461574	2799.9093675338663	
273	50.0	3.116904395604396	71.07396230566407	238.92730203991323	2836.2715841484805	
274	50.0	3.1120208791208785	73.02058475976563	242.24786076924238	2871.8220419377685	
275	50.0	3.1046956043956047	74.99175091699219	245.48906665688992	2903.1132203147044	
276	50.0	3.0851615384615387	76.98899475878908	248.75884168407993	2936.8898058237155	
277	50.0	3.0876032967032963	79.01231628515626	252.04594477079263	2971.729652720858	
278	50.0	3.0998120879120874	81.06324947753907	255.4202569294339	3010.77992429239	
279	50.0	3.114462637362637	83.13872637304688	258.6940659209058	3043.3580486962856	
280	50.0	3.116904395604396	85.24028095312501	261.98361573070315	3077.408269084959	
281	50.0	3.1193461538461533	87.36791321777345	265.28271282968217	3112.1066108684136	
282	50.0	3.1193461538461533	89.51855520410157	268.43420250789677	3139.379702563423	
283	50.0	3.107137362637362	91.69834283789064	271.80296004644606	3179.7840769755494	
284	50.0	3.107137362637362	93.90420815625001	275.1500990627046	3217.1048272785247	
285	50.0	3.05586043956044	96.13461717773438	278.40742670975396	3249.0564522536224	
286	50.0	3.1046956043956047	98.39110388378907	281.6869800785744	3282.9829457502547	
287	50.0	3.1046956043956047	100.67366827441407	284.980014029451	3317.7616754950286	
288	50.0	3.116904395604396	102.98077636816407	288.2045252946109	3349.012752914654	
289	50.0	3.09737032967033	105.31549612792969	291.5408735933988	3386.859550012594	
290	50.0	3.09737032967033	107.67475959082032	294.7916563392837	3419.2980206257525	
291	50.0	3.109579120879121	110.06010073828126	298.0672400247777	3453.6215659391237	
292	50.0	3.1120208791208785	112.47151957031251	301.35786624093816	3488.7028433864543	
293	50.0	3.107137362637362	114.90748210546876	304.5809171411329	3520.174862523054	
294	50.0	3.107137362637362	117.36952232519532	307.839680611507	3554.3434207799583	
295	50.0	3.1242296703296697	119.85764022949219	311.1201048512203	3589.592227067602	
296	50.0	3.109579120879121	122.37183581835939	314.4136670120097	3625.159439133833	
297	50.0	3.0900450549450547	124.91210909179688	317.71519772494685	3660.715495880635	
298	50.0	3.126671428571428	127.47539208691407	320.8681634646791	3688.470978368159	
299	50.0	3.0998120879120874	130.0678207294922	324.2378162798186	3729.1449866889543	
300	50.0	3.114462637362637	132.68325909375002	327.4321001642629	3758.945450574509	
301	50.0	3.1193461538461533	135.32477514257815	330.6734155571203	3792.5474503016685	
302	50.0	3.1437637362637356	137.99236887597658	333.9432570025774	3827.723917178044	
303	50.0	3.102253846153846	140.68604029394533	337.23040037401006	3863.411802346931	
304	50.0	3.0900450549450547	143.40578939648438	340.52803789430345	3899.140855154643	
305	50.0	3.1315549450549445	146.15008220214844	343.75534136553415	3930.8967529349247	
306	50.0	3.0876032967032963	148.92045269238284	347.01668415069435	3965.1713701527606	
307	50.0	3.0998120879120874	151.7153668857422	350.221973751678	3996.6094457309555	
308	50.0	3.0876032967032963	154.5363587636719	353.46996444923843	4031.033582100117	
309	50.0	3.109579120879121	157.3834283261719	356.743854671764	4066.6049074555904	
310	50.0	3.1242296703296697	160.2550415917969	359.95675467842557	4098.63437938724	
311	50.0	3.109579120879121	163.1527325419922	363.20936132048155	4133.298883525171	
312	50.0	3.116904395604396	166.07650117675783	366.48605125495214	4168.944227160082	
313	50.0	3.094928571428571	169.02481351464846	369.7006493727895	4200.975061440122	
314	50.0	3.09737032967033	171.9976695556641	372.8775868990997	4231.779034772368	
315	50.0	3.126671428571428	174.99813726269534	376.1850802658937	4270.09436148418	
316	50.0	3.0998120879120874	178.0231486728516	379.41836161036554	4303.265667675178	
317	50.0	3.107137362637362	181.07577174902346	382.76002923128726	4342.140778696841	
318	50.0	3.1462054945054945	184.15140454687503	385.93733923696345	4371.285290850323	
319	50.0	3.102253846153846	187.25311502929688	389.1683594516562	4404.753358251261	
320	50.0	3.102253846153846	190.38090319628907	392.431956555738	4440.008668168497	
321	50.0	3.09737032967033	193.53476904785157	395.71531254257206	4475.841465735088	
322	50.0	3.107137362637362	196.71317860253907	398.9339538256554	4507.882347823277	
323	50.0	3.109579120879121	199.9176658417969	402.1900427279834	4542.464502925208	
324	50.0	3.107137362637362	203.1466967841797	405.39214568786156	4574.170800951415	
325	50.0	3.0998120879120874	206.40333939257815	408.7149026620991	4612.642124348042	
326	50.0	3.1242296703296697	209.68299172265625	411.8807427804477	4641.83576375267	
327	50.0	3.114462637362637	212.99025571875	415.1815052288912	4679.346924310959	
328	50.0	3.1193461538461533	216.32206341796876	418.4107040649051	4712.135136397552	
329	50.0	3.116904395604396	219.67841482031253	421.59649737468317	4743.1714597517075	
330	50.0	3.0998120879120874	223.06084390722657	424.8326629735511	4777.655063942904	
331	50.0	3.1120208791208785	226.46935067871095	428.09938091097683	4813.446323807151	
332	50.0	3.094928571428571	229.90240115332034	431.3079307067055	4845.72071280083	
333	50.0	3.1242296703296697	233.3599953310547	434.4811997401157	4876.766453359334	
334	50.0	3.107137362637362	236.8452011748047	437.7864680534294	4915.285459772862	
335	50.0	3.114462637362637	240.3534167402344	440.9417007624452	4944.779947128172	
336	50.0	3.0924868131868135	243.88770999023438	444.15933041946664	4978.803559492317	
337	50.0	3.09737032967033	247.4465469433594	447.33810666729005	5010.769077232162	
338	50.0	3.107137362637362	251.0314615810547	450.57001620282426	5045.925372832917	
339	50.0	3.1339967032967033	254.64245390332033	453.8341527072789	5082.190817118299	
340	50.0	3.116904395604396	258.27798992871095	457.0411367847155	5114.7929515536125	
341	50.0	3.1046956043956047	261.9380696572266	460.21345616195504	5146.06182473194	
342	50.0	3.102253846153846	265.62422707031254	463.4414494074099	5180.89598027337	
343	50.0	3.114462637362637	269.33646216796876	466.70321056179455	5217.026930128468	
344	50.0	3.102253846153846	273.0717069873047	469.8320548442862	5245.749469666815	
345	50.0	3.1535307692307692	276.83456347265627	473.11037818337536	5283.550132540651	
346	50.0	3.107137362637362	280.62196366113284	476.32596701123475	5316.862836663884	
347	50.0	3.1046956043956047	284.4339075527344	479.50350543356944	5348.428899081111	
348	50.0	3.1046956043956047	288.27192912890627	482.73466418996213	5383.362159407963	
349	50.0	3.107137362637362	292.1344944082031	485.921646251576	5415.669046018676	
350	50.0	3.121787912087912	296.0231373720703	489.158532864898	5450.904802201247	
351	50.0	3.121787912087912	299.9363240390625	492.3489890474375	5483.306100837621	
352	50.0	3.107137362637362	303.875588390625	495.58798282167845	5518.545102587977	
353	50.0	3.0753945054945047	307.8393964453125	498.7797170619524	5550.915606051774	
354	50.0	3.0924868131868135	311.82928218457033	502.01948601742333	5586.11605739118	
355	50.0	3.107137362637362	315.84217764550783	505.1349913566264	5614.616172139224	
356	50.0	3.1046956043956047	319.88268477246095	508.4052242174439	5652.489331390025	
357	50.0	3.126671428571428	323.94773560253907	511.6159059220281	5685.971803576907	
358	50.0	3.109579120879121	328.0373301357422	514.7904680235588	5717.717135143215	
359	50.0	3.1120208791208785	332.15453633496094	518.0965206223646	5756.640359377041	
360	50.0	3.126671428571428	336.2947522558594	521.2522290245888	5786.367822584685	
361	50.0	3.1242296703296697	340.4595118798828	524.3934481318647	5816.690391903998	
362	50.0	3.09737032967033	344.6518831699219	527.6792771818036	5855.2691089217515	
363	50.0	3.116904395604396	348.86879816308596	530.8994184535259	5888.937022362585	
364	50.0	3.09737032967033	353.11025685937506	534.0797180727241	5920.647745336642	
365	50.0	3.09737032967033	357.3777932402344	537.3125515797074	5955.625813581133	
366	50.0	3.109579120879121	361.66987332421877	540.5005494289435	5987.933837298257	
367	50.0	3.121787912087912	365.98649711132816	543.6613530763461	6019.31953533386	
368	50.0	3.121787912087912	370.32919858300784	546.882361678392	6054.403603887367	
369	50.0	3.1046956043956047	374.69797773925785	550.1398864322873	6090.7947360936705	
370	50.0	3.1046956043956047	379.08976661718754	553.2661612079246	6119.740954922439	
371	50.0	3.0998120879120874	383.50763317968756	556.46622699004	6153.882285143278	
372	50.0	3.0900450549450547	387.95157742675786	559.7110492811989	6190.027252208387	
373	50.0	3.1242296703296697	392.4200653769532	562.9063186957865	6222.856625301265	
374	50.0	3.109579120879121	396.9130970302735	566.0715327706421	6254.44547400736	
375	50.0	3.107137362637362	401.4322063681641	569.2952164322378	6289.58418306044	
376	50.0	3.1242296703296697	405.97585940917975	572.4776646195496	6322.131908972649	
377	50.0	3.114462637362637	410.54559013476563	575.711801299014	6357.584237636755	
378	50.0	3.1120208791208785	415.1398645634766	578.9005895623195	6390.159652148923	
379	50.0	3.1120208791208785	419.75868269531253	582.0618726201101	6421.695240957426	
380	50.0	3.1120208791208785	424.40357851171876	585.283171999261	6456.862768632611	
381	50.0	3.1437637362637356	429.07301803125006	588.4641740461338	6489.465046524292	
382	50.0	3.114462637362637	433.7685352353516	591.6974335970663	6524.972948307372	
383	50.0	3.094928571428571	438.48859614257816	594.8856898550148	6557.595707869434	
384	50.0	3.102253846153846	443.234734734375	598.1233493074978	6593.00323853203	
385	50.0	3.0900450549450547	448.0038830478516	601.2375751684376	6621.661753367585	
386	50.0	3.09737032967033	452.7991090458985	604.4303329141658	6655.815927798845	
387	50.0	3.09737032967033	457.62041272851565	607.6707226570725	6692.082316069573	
388	50.0	3.0876032967032963	462.46626011425786	610.8633035951898	6725.05425541383	
389	50.0	3.202365934065934	467.33665120312503	614.0268870265791	6756.7713773606265	
390	50.0	3.1120208791208785	472.23311997656253	617.2495816528899	6792.013242529392	
391	50.0	3.126671428571428	477.15413245312504	620.4314299599646	6824.638914048257	
392	50.0	3.09737032967033	482.09968863281256	623.588503721403	6856.312892885981	
393	50.0	3.094928571428571	487.069788515625	626.730550960925	6887.794854023592	
394	50.0	3.1339967032967033	492.0659660830079	629.9401832262192	6923.228947714462	
395	50.0	3.068069230769231	497.0866873535157	633.1141088106342	6956.174315056003	
396	50.0	3.1437637362637356	502.1319523271485	636.266377197735	6988.165387615423	
397	50.0	3.1242296703296697	507.2032949853516	639.4822089025838	7023.749346978671	
398	50.0	3.114462637362637	512.2991813466797	642.6598946372542	7056.689218939555	
399	50.0	3.1193461538461533	517.4180774296875	645.737744598584	7084.7835391500485	
400	0.0	3.094928571428571	522.5630511972656	648.9084392453224	7119.161111839523	
401	0.0	3.107137362637362	527.7218307978516	651.5218544637682	7125.226422612646	
402	0.0	3.116904395604396	532.877542435547	652.9535728188275	7080.599984284261	
403	0.0	3.109579120879121	538.0301861103516	653.668555776283	7023.601348896187	
404	0.0	3.1046956043956047	543.1782278408203	653.8721176561303	6966.407979142827	
405	0.0	2.3208912087912075	548.3232016083984	653.8421860361996	6920.883406820121	
406	0.0	1.6835923076923067	553.465107413086	653.6706334460141	6886.066849101757	
407	0.0	1.2416340659340661	558.6054792363282	653.4898824652155	6863.782012759624	
408	0.0	0.897346153846154	563.7412491152344	653.1501542338228	6841.5711660661655	
409	0.0	0.6751461538461535	568.87395103125	652.7907004954104	6825.712046789988	
410	0.0	0.45538791208791124	574.003584984375	652.4192826318358	6814.012151925461	
411	0.0	0.3650428571428569	579.1301509746095	652.0406081593828	6805.020981395381	
412	0.0	0.2527219780219783	584.2551829833985	651.7342314032721	6801.6205200439	
413	0.0	0.1892362637362644	589.3771470292969	651.3950063576885	6796.651902905676	
414	0.0	0.12819230769230722	594.4945091308595	650.9591587446375	6787.407947258951	
415	0.0	0.08179890109890067	599.6088032695313	650.5414056526388	6780.908180979797	
416	0.0	0.045172527472527174	604.7200294453125	650.1346274427342	6775.791502630767	
417	0.0	0.04273076923076908	609.8297216396485	649.8112049077536	6775.178017503502	
418	0.0	0.01342967032967055	614.9348118896485	649.3849420021252	6768.32987380389	
419	0.0	0.04028901098901098	620.0383681582032	649.0497014015018	6766.969164403112	
420	0.0	0.020754945054944844	625.137322482422	648.6162704765047	6759.851562353644	
421	0.0	-0.003662637362637484	630.23320884375	648.1999831799731	6754.603918293236	
422	0.0	-0.0012208791208793855	635.3260272421876	647.7940940199733	6750.223899199118	
423	0.0	0.003662637362637484	640.4173116591797	647.471210721058	6750.043396898174	
424	0.0	0.008546153846153681	645.503994131836	647.0452748786374	6743.449486120055	
425	0.0	-0.0061043956043955825	650.5891426230469	646.7102326518616	6742.237891361976	
426	0.0	-0.008546153846153681	655.669689169922	646.276922046698	6735.207647453397	
427	0.0	-0.01098791208791178	660.7471677539063	645.8607077278175	6730.011117961993	
428	0.0	-0.025638461538461714	665.8231123564453	645.5315619032954	6729.49592032524	
429	0.0	-0.018313186813186746	670.8944550146485	645.1018276469767	6722.796380975582	
430	0.0	0.0061043956043955825	675.9642636914064	644.7644815656604	6721.579779819749	
431	0.0	-0.008546153846153681	681.0294704238282	644.3297736020395	6714.582321425107	
432	0.0	-0.0012208791208793855	686.0916091933594	643.9127117424068	6709.42740452545	
433	0.0	-0.03052197802197791	691.1522139814454	643.5830518584044	6708.950624397032	
434	0.0	-0.008546153846153681	696.2082168251953	643.1530058092612	6702.282379425298	
435	0.0	-0.01342967032967055	701.2626856875	642.8154706160421	6701.089607257716	
436	0.0	0.01098791208791178	706.3125526054688	642.3806479502309	6694.109542327285	
437	0.0	-0.01342967032967055	711.3593515605469	641.9635165202126	6688.966958572979	
438	0.0	-0.0012208791208793855	716.4030825527344	641.5571153673591	6684.663786993944	
439	0.0	-0.045172527472527174	721.4452795634767	641.2339215290558	6684.537855914266	
440	0.0	-0.03540549450549411	726.4828746298829	640.8077973349718	6677.981872754008	
441	0.0	-0.003662637362637484	731.5174017333985	640.395941794879	6672.9612572787155	
442	0.0	-0.0061043956043955825	736.5488608740235	639.9927406311253	6668.650029733173	
443	0.0	0.003662637362637484	741.5787860332032	639.6714876843471	6668.46945664554	
444	0.0	-0.018313186813186746	746.6056432294922	639.3232397727843	6665.685106616438	
445	0.0	-0.015871428571428647	751.6278984814454	638.8819195147225	6657.906270222869	
446	0.0	-0.01342967032967055	756.6470857705078	638.4608470956518	6652.380236479847	
447	0.0	-0.01342967032967055	761.6632050966798	638.0520556120682	6647.905768156943	
448	0.0	-0.08668241758241754	766.6777904414063	637.7274119648428	6647.7131069912175	
449	0.0	0.003662637362637484	771.6877738417969	637.3004084171916	6641.139192697472	
450	0.0	-0.0012208791208793855	776.6962232607423	636.964718594405	6639.956327895761	
451	0.0	-0.023196703296702943	781.7000707353516	636.5310152024103	6632.953578893288	
452	0.0	-0.0061043956043955825	786.7008502470704	636.1145626462894	6627.779833249348	
453	0.0	0.01098791208791178	791.7000957773438	635.785272323541	6627.2821590039275	
454	0.0	0.025638461538461714	796.6947393632813	635.3554504246422	6620.595494895711	
455	0.0	0.01098791208791178	801.6863149863282	634.9413521131428	6615.55311208768	
456	0.0	-0.008546153846153681	806.6748226464845	634.5367906397441	6611.2635542696735	
457	0.0	-0.018313186813186746	811.6602623437501	634.138013551179	6607.282322031748	
458	0.0	-0.020754945054944844	816.6426340781251	633.7427448695016	6603.398158790958	
459	0.0	-0.020754945054944844	821.6250058125	633.5030022887149	6607.188226773342	
460	0.0	0.008546153846153681	826.6012416210938	633.0507947700171	6597.874901193056	
461	0.0	-0.01342967032967055	831.574409466797	632.6231188933962	6591.587435931233	
462	0.0	-0.008546153846153681	836.5445093496095	632.210322210216	6586.753811514271	
463	0.0	-0.03052197802197791	841.5130752509766	631.8832492865695	6586.405586989262	
464	0.0	-0.01098791208791178	846.4785731894532	631.5314713805274	6583.610044560552	
465	0.0	-0.03052197802197791	851.4394691835938	631.0880100724899	6575.879306617673	
466	0.0	-0.01342967032967055	856.3988311962892	630.7423381132394	6574.25069031696	
467	0.0	0.003662637362637484	861.3535912646485	630.3025802492193	6567.13278905382	
468	0.0	-0.003662637362637484	866.3068173515626	629.9591545423536	6565.818293089465	
469	0.0	-0.04028901098901098	871.256975475586	629.5974581716146	6562.69094265467	
470	0.0	-0.01098791208791178	876.2025316552736	629.1479810105011	6554.913172661898	
471	0.0	0.015871428571428647	881.1465538535157	628.7986602517849	6553.349568947058	
472	0.0	0.003662637362637484	886.0875080888673	628.433388351259	6550.162787680987	
473	0.0	-0.003662637362637484	891.0253943613282	628.0584415939156	6546.239519682098	
474	0.0	-0.023196703296702943	895.9602126708985	627.6776267391106	6542.01998177293	
475	0.0	-0.018313186813186746	900.8904290361329	627.2165536309476	6533.877035016776	
476	0.0	-0.01098791208791178	905.8191114199219	626.8601995746067	6532.272242821808	
477	0.0	-0.01342967032967055	910.7447258408204	626.4906617633314	6529.169838434344	
478	0.0	-0.01342967032967055	915.6657383173829	626.036428527972	6521.529123547192	
479	0.0	-0.03052197802197791	920.5852168125001	625.6842230643306	6520.122598946633	
480	0.0	-0.015871428571428647	925.5016273447267	625.3172015017844	6517.075944524986	
481	0.0	-0.008546153846153681	930.4149699140626	624.9411935207536	6513.26487280511	
482	0.0	-0.0061043956043955825	935.3252445205079	624.5597350012395	6509.1298860786665	
483	0.0	0.0061043956043955825	940.2324511640626	624.1749705629118	6504.883183998918	
484	0.0	0.0061043956043955825	945.1350558632813	623.7115019111661	6496.785172408494	
485	0.0	-0.018313186813186746	950.0376605625	623.4303939564488	6499.079836081815	
486	0.0	-0.01342967032967055	954.9356633173829	623.0297961417891	6493.33763520006	
487	0.0	-0.0012208791208793855	959.830598109375	622.6334231338551	6488.413700462286	
488	0.0	-0.003662637362637484	964.723998919922	622.3163116730793	6487.7553324115215	
489	0.0	0.003662637362637484	969.6066618603517	621.5870803384969	6465.442022101895	
490	0.0	-0.05493956043956024	974.492392763672	621.298177308563	6470.91685457842	
491	0.0	0.0012208791208793855	979.376589685547	621.0462496861801	6474.894634498058	
492	0.0	-0.01342967032967055	984.2577186445313	620.7400497105191	6473.554531304395	
493	0.0	0.0012208791208793855	989.1342456591798	620.3242328154447	6465.997882265707	
494	0.0	-0.003662637362637484	994.0077047109376	619.9186289683785	6460.2100666688275	
495	0.0	-0.008546153846153681	998.8796297812501	619.5959187204862	6459.171256344212	
496	0.0	0.0012208791208793855	1003.748486888672	619.2467869110915	6455.8890183074145	
497	0.0	-0.008546153846153681	1008.6142760332032	618.8816296141304	6451.656894678963	
498	0.0	-0.028080219780219812	1013.4754632333985	618.4300532951092	6443.262858915612	
499	0.0	0.023196703296702943	1018.3335824707032	618.0027602604387	6437.523156764142	
500	0.0	-0.028080219780219812	1023.1901677265625	617.6668948549268	6436.850768378619	
501	0.0	-0.015871428571428647	1028.0436850195313	617.3097840388946	6433.995322686827	
502	0.0	-0.01098791208791178	1032.892600368164	616.8630881573772	6426.311171638379	
503	0.0	-0.015871428571428647	1037.7399817353516	616.515454330045	6424.761105276379	
504	0.0	-0.020754945054944844	1042.5842951396485	616.151205605136	6421.556305162361	
505	0.0	-0.01098791208791178	1047.4255405810547	615.7768794352378	6417.606199083966	
506	0.0	-0.020754945054944844	1052.262184078125	615.3197419134522	6409.525780085551	
507	0.0	0.0012208791208793855	1057.09729359375	614.9657749110047	6407.897719463654	
508	0.0	-0.0012208791208793855	1061.9293351464844	614.597684921122	6404.7440863672455	
509	0.0	0.008546153846153681	1066.7583087363282	614.2210289061477	6400.88474150464	
510	0.0	-0.01342967032967055	1071.5842143632813	613.8391773341718	6396.730551751152	
511	0.0	-0.01342967032967055	1076.4070520273438	613.4541744974631	6392.478313919408	
512	0.0	-0.01098791208791178	1081.2268217285157	613.0672603220737	6388.215605135199	
513	0.0	-0.01098791208791178	1086.043523466797	612.6791868611472	6383.976264316483	
514	0.0	0.01342967032967055	1090.8586912236328	612.3671093301673	6383.604075931042	
515	0.0	-0.01098791208791178	1095.6692570361329	611.9477275175304	6376.725885529304	
516	0.0	-0.028080219780219812	1100.475220904297	611.4632623663056	6367.570052289433	
517	0.0	-0.015871428571428647	1105.281184772461	611.169419390586	6369.549583910404	
518	0.0	-0.025638461538461714	1110.0840806777344	610.8377964672909	6367.649212985449	
519	0.0	0.0012208791208793855	1114.882374638672	610.4065597745721	6360.148039323027	
520	0.0	-0.015871428571428647	1119.6776006367188	609.9916033472255	6354.633629753309	
521	0.0	-0.003662637362637484	1124.4712926533205	609.6632204724592	6353.906069460638	
522	0.0	-0.015871428571428647	1129.2619167070313	609.3106480408533	6350.9008163478065	
523	0.0	-0.015871428571428647	1134.0479388164063	608.8667048287316	6343.055236319178	
524	0.0	-0.01342967032967055	1138.832426944336	608.520740579821	6341.364457772674	
525	0.0	-0.008546153846153681	1143.613847109375	608.1575045054487	6338.04835155257	
526	0.0	-0.01342967032967055	1148.3937332929688	607.8604916113618	6337.849943071269	
527	0.0	0.0012208791208793855	1153.1690175322267	607.4502469631334	6330.842919307204	
528	0.0	-0.0061043956043955825	1157.9412338085938	607.0480228546585	6325.301826849325	
529	0.0	-0.015871428571428647	1162.7103821220703	606.6506634496691	6320.525157369637	
530	0.0	-0.0012208791208793855	1167.4779964541017	606.3329537088284	6319.971447452652	
531	0.0	-0.018313186813186746	1172.2425428232423	605.9868548603408	6316.905686081936	
532	0.0	-0.01342967032967055	1177.002487248047	605.5468380749298	6308.922749841211	
533	0.0	0.0012208791208793855	1181.759363709961	605.1265562520348	6303.252655916254	
534	0.0	0.025638461538461714	1186.516240171875	604.8716424337981	6306.3484251206755	
535	0.0	-0.0012208791208793855	1191.2669807080078	604.4102330941823	6296.8498797432985	
536	0.0	0.003662637362637484	1196.01465328125	603.9769760309282	6290.593149765275	
537	0.0	-0.015871428571428647	1200.760791873047	603.6374932591352	6289.69990130595	
538	0.0	-0.008546153846153681	1205.5038625019533	603.2781883994685	6286.766742710457	
539	0.0	-0.028080219780219812	1210.2438651679688	602.906860835421	6282.90452464058	
540	0.0	-0.01342967032967055	1214.982333852539	602.6049402046847	6282.500695085993	
541	0.0	-0.008546153846153681	1219.7146666113283	602.1150197912866	6271.610432671023	
542	0.0	-0.04028901098901098	1224.4469993701173	601.8178680316851	6272.62280227392	
543	0.0	0.008546153846153681	1229.1762641660157	601.4842382294592	6270.187265354725	
544	0.0	-0.01098791208791178	1233.9009270175782	601.0517843031485	6262.392701550871	
545	0.0	-0.008546153846153681	1238.62252190625	600.6360895862454	6256.719268314238	
546	0.0	-0.01342967032967055	1243.3425828134766	600.3072589162548	6255.90673476737	
547	0.0	-0.023196703296702943	1248.0595757578126	599.9544148831119	6252.856905423283	
548	0.0	-0.015871428571428647	1252.773500739258	599.5870060085945	6248.823465219837	
549	0.0	-0.03540549450549411	1257.4843577578126	599.210763110983	6244.419899868295	
550	0.0	-0.028080219780219812	1262.1921468134767	598.8291621073004	6239.929200234677	
551	0.0	-0.0061043956043955825	1266.89686790625	598.4443112479858	6235.468962815998	
552	0.0	-0.01342967032967055	1271.598521036133	598.0574892515506	6231.077732844686	
553	0.0	-0.023196703296702943	1276.2986401845703	597.746170772225	6230.593960328024	
554	0.0	-0.015871428571428647	1280.9956913701174	597.4039484199166	6227.471242037547	
555	0.0	0.045172527472527174	1285.6881406113282	596.9662828483415	6219.393485024651	
556	0.0	0.0061043956043955825	1290.379055871094	596.6241261810428	6217.46427458114	
557	0.0	0.01342967032967055	1295.0669031679688	596.2631995217453	6213.944348985056	
558	0.0	-0.008546153846153681	1299.7516825019532	595.890888286478	6209.751455679379	
559	0.0	-0.023196703296702943	1304.433393873047	595.5116719566722	6205.327402688992	
560	0.0	-0.015871428571428647	1309.1135712626954	595.2049665474624	6204.705463429567	
561	0.0	-0.01342967032967055	1313.7891467080078	594.7888430914318	6197.5922617050055	
562	0.0	0.0012208791208793855	1318.4631881718751	594.4597523779958	6195.913130758388	
563	0.0	-0.008546153846153681	1323.1326276914065	594.0300515482959	6188.506773245092	
564	0.0	0.0012208791208793855	1327.8005332294922	593.692725741188	6186.860945445918	
565	0.0	-0.003662637362637484	1332.4653708046876	593.3347291467799	6183.437786300572	
566	0.0	-0.018313186813186746	1337.1271404169922	592.9641950858058	6179.258025984909	
567	0.0	-0.003662637362637484	1341.7858420664063	592.5860566667106	6174.814305724332	
568	0.0	-0.008546153846153681	1346.4414757529298	592.2033059711684	6170.328723890536	
569	0.0	-0.01098791208791178	1351.0940414765626	591.817757788449	6165.889466839912	
570	0.0	-0.015871428571428647	1355.7450732187501	591.5072119162214	6165.356758221784	
571	0.0	-0.01342967032967055	1360.3915030166017	591.0887591015344	6158.357391999212	
572	0.0	0.003662637362637484	1365.0348648515626	590.6815564883582	6152.9485707687345	
573	0.0	-0.0012208791208793855	1369.6782266865237	590.4345756120892	6155.999444576009	
574	0.0	-0.008546153846153681	1374.3169865771486	590.0546769173525	6150.185275078053	
575	0.0	-0.03540549450549411	1378.952678504883	589.6708585606684	6144.8958438211375	
576	0.0	-0.01098791208791178	1383.5853024697267	589.2846628087136	6139.985628227689	
577	0.0	-0.015871428571428647	1388.216392453125	588.9737241658731	6139.177337694902	
578	0.0	-0.01342967032967055	1392.8428804921875	588.5550331237755	6132.016929677975	
579	0.0	-0.015871428571428647	1397.4678345498048	588.2243850906525	6130.349089410825	
580	0.0	-0.01342967032967055	1402.0881866630862	587.7937396987545	6122.973794407262	
581	0.0	-0.015871428571428647	1406.7085387763673	587.532540057975	6125.196447344173	
582	0.0	-0.04028901098901098	1411.3227549638673	587.0673181741877	6115.266066822609	
583	0.0	-0.008546153846153681	1415.935437169922	586.7084477581811	6112.641649474383	
584	0.0	-0.025638461538461714	1420.545051413086	586.3373836975661	6108.959937388841	
585	0.0	-0.020754945054944844	1425.1531316748049	586.0356228896999	6108.661493101314	
586	0.0	0.01098791208791178	1429.7566099921876	585.6224984860601	6101.667618652358	
587	0.0	-0.0061043956043955825	1434.3570203466797	585.2185277176613	6096.179278244686	
588	0.0	-0.018313186813186746	1438.9558967197268	584.896807982077	6095.296716484525	
589	0.0	0.003662637362637484	1443.551705129883	584.5482769487862	6092.093846771433	
590	0.0	-0.028080219780219812	1448.1444455771486	584.1834840409865	6087.900521152402	
591	0.0	-0.06470659340659331	1452.7325840800781	583.7321287351078	6079.524351774944	
592	0.0	-0.018313186813186746	1457.3191886015627	583.3816688240331	6077.627003274254	
593	0.0	0.047614285714285276	1461.9042591416016	583.0924050648755	6078.0904615586405	
594	0.0	-0.0061043956043955825	1466.4847277373049	582.6868605046766	6071.364390963623	
595	0.0	0.0012208791208793855	1471.0621283701173	582.2874871438253	6065.920624750779	
596	0.0	-0.020754945054944844	1475.6379950214846	581.9685558769415	6064.9936146870605	
597	0.0	-0.01098791208791178	1480.210793709961	581.6217161354725	6061.720428524626	
598	0.0	-0.0061043956043955825	1484.780524435547	581.2579490480275	6057.458156355351	
599	0.0	0.01342967032967055	1489.3471871982424	580.8839150059648	6052.8591721751145	
600	0.0	0.0012208791208793855	1493.910781998047	580.503653740976	6048.215600096013	
601	0.0	-0.003662637362637484	1498.471308834961	580.1196154742793	6043.641809594257	
602	0.0	-0.03540549450549411	1503.0287677089846	579.7332863401389	6039.169071396165	
603	0.0	-0.03052197802197791	1507.5846926015627	579.4222667969007	6038.628198248833	
604	0.0	-0.05493956043956024	1512.1375495312502	579.0802257585165	6035.466198593866	
605	0.0	-0.008546153846153681	1516.687338498047	578.7193692316941	6031.19675063881	
606	0.0	-0.003662637362637484	1521.232525520508	578.2704014616902	6022.713204945794	
607	0.0	-0.008546153846153681	1525.7777125429689	577.9980887365382	6024.548559837418	
608	0.0	-0.0012208791208793855	1530.318297621094	577.6028254984703	6018.3910193060365	
609	0.0	-0.01342967032967055	1534.8558147363283	577.2096880748286	6013.132222353419	
610	0.0	-0.0061043956043955825	1539.3917978701172	576.8945390951849	6012.220440820325	
611	0.0	0.01098791208791178	1543.9247130410158	576.5499934269465	6008.897681407045	
612	0.0	-0.0061043956043955825	1548.4530262675783	576.1109186930116	6000.73471796573	
613	0.0	-0.023196703296702943	1552.9798055126955	575.7679073254985	5998.775737915948	
614	0.0	-0.0061043956043955825	1557.503516794922	575.4064622642909	5995.251045655925	
615	0.0	-0.03052197802197791	1562.024160114258	575.0338366023934	5991.063321723155	
616	0.0	-0.015871428571428647	1566.5417354707033	574.6544295631902	5986.647293055772	
617	0.0	0.015871428571428647	1571.0547088828125	574.1942103383335	5978.363278858684	
618	0.0	-0.015871428571428647	1575.567682294922	573.915073260694	5980.494601733182	
619	0.0	0.0012208791208793855	1580.0760537626954	573.5156708434515	5974.622684981034	
620	0.0	-0.020754945054944844	1584.5813572675784	573.1200228807284	5969.601486658594	
621	0.0	-0.015871428571428647	1589.0851267910157	572.8033511820686	5968.872851714394	
622	0.0	-0.028080219780219812	1593.5858283515627	572.4578819380404	5965.6848526962385	
623	0.0	-0.003662637362637484	1598.0834619492189	572.0949460993434	5961.452939627288	
624	0.0	-0.0012208791208793855	1602.5780275839845	571.7214162351593	5956.859444298669	
625	0.0	0.003662637362637484	1607.0695252558596	571.3414607695013	5952.2113620419	
626	0.0	0.003662637362637484	1611.559488946289	571.0343070517556	5951.46503479662	
627	0.0	-0.015871428571428647	1616.0448506923829	570.6179116828425	5944.283358578396	
628	0.0	-0.01098791208791178	1620.5286784570314	570.2886560459301	5942.566923656093	
629	0.0	-0.015871428571428647	1625.0109722402344	570.0122533295362	5942.810411713668	
630	0.0	-0.0061043956043955825	1629.4871300976563	569.5378103140538	5931.915995734686	
631	0.0	-0.0012208791208793855	1633.9632879550782	569.2500460710289	5932.6851919502515	
632	0.0	-0.01342967032967055	1638.4363778496095	568.9221100855939	5929.956198806209	
633	0.0	0.0061043956043955825	1642.9048657998048	568.4931096338114	5921.8951130911555	
634	0.0	-0.018313186813186746	1647.3718197685548	568.1562086274498	5919.841282557412	
635	0.0	0.03052197802197791	1651.8357057744142	567.7984696877393	5916.164052119519	
636	0.0	-0.0061043956043955825	1656.2965238173829	567.4280919021985	5911.826183561367	
637	0.0	0.0012208791208793855	1660.754273897461	567.050048268924	5907.284135914004	
638	0.0	-0.0061043956043955825	1665.2089560146485	566.6673550639389	5902.737441705052	
639	0.0	0.023196703296702943	1669.6621041503909	566.3585408232611	5902.095177831281	
640	0.0	-0.015871428571428647	1674.110650341797	565.9411382962426	5895.00243828752	
641	0.0	-0.003662637362637484	1678.5561285703127	565.5345727147505	5889.5206526176335	
642	0.0	0.018313186813186746	1683.0016067988283	565.2879782177479	5892.517366210828	
643	0.0	0.0012208791208793855	1687.442483083008	564.9083138738933	5886.664339169605	
644	0.0	-0.023196703296702943	1691.8787574228518	564.4479385859304	5877.512742144052	
645	0.0	-0.028080219780219812	1696.3134977812501	564.0920077789488	5875.28532239062	
646	0.0	-0.0061043956043955825	1700.7467041582033	563.799425753663	5875.633647905979	
647	0.0	-0.020754945054944844	1705.1753085908204	563.3918685632088	5868.889340627724	
648	0.0	-0.0061043956043955825	1709.600845060547	562.9912744804024	5863.465807184453	
649	0.0	0.0012208791208793855	1714.0248475488283	562.671602808201	5862.570049610684	
650	0.0	-0.028080219780219812	1718.4457820742189	562.3243139881524	5859.32733141413	
651	0.0	-0.01342967032967055	1722.8621146552737	561.8835754485044	5851.255567995962	
652	0.0	-0.020754945054944844	1727.2769132548829	561.5395549317618	5849.3777736485645	
653	0.0	-0.01098791208791178	1731.690177873047	561.2541968628357	5849.752967624747	
654	0.0	-0.015871428571428647	1736.0988405468752	560.8510212235415	5842.912633434265	
655	0.0	0.04273076923076908	1740.5044352578127	560.4530846859416	5837.362729099717	
656	0.0	0.003662637362637484	1744.9084959873048	560.13502489643	5836.349002209292	
657	0.0	-0.04028901098901098	1749.307954772461	559.7120146604284	5829.174715637502	
658	0.0	-0.018313186813186746	1753.7043455947266	559.3020478314138	5823.730662033315	
659	0.0	-0.01098791208791178	1758.1007364169923	559.053390373374	5826.803146410573	
660	0.0	-0.018313186813186746	1762.492525294922	558.6724747804546	5821.028153133968	
661	0.0	-0.01342967032967055	1766.881246209961	558.2880396437977	5815.778294946511	
662	0.0	-0.0061043956043955825	1771.2668991621094	557.9014697958482	5810.901671787837	
663	0.0	-0.020754945054944844	1775.6510181328126	557.5903042523423	5810.119572822012	
664	0.0	-0.020754945054944844	1780.0320691406253	557.2481746602716	5806.81353242703	
665	0.0	-0.015871428571428647	1784.410052185547	556.8872644229705	5802.4580962450855	
666	0.0	-0.0061043956043955825	1788.7865012490236	556.5916622203658	5801.593138408607	
667	0.0	-0.015871428571428647	1793.1583483681643	556.1822731997963	5794.159897530728	
668	0.0	0.018313186813186746	1797.5271275244143	555.780568055794	5788.346987383848	
669	0.0	-0.003662637362637484	1801.8959066806642	555.5369215631654	5791.067290115872	
670	0.0	-0.01342967032967055	1806.258549911133	555.0823462021799	5781.165820026807	
671	0.0	-0.01098791208791178	1810.6181251787111	554.6532341565471	5774.558444054281	
672	0.0	-0.03296373626373601	1814.9777004462892	554.3929645373719	5777.223021832062	
673	0.0	-0.003662637362637484	1819.3326737695313	554.0050058124762	5771.381175226754	
674	0.0	0.0012208791208793855	1823.6845791298829	553.6162988002034	5766.200280310797	
675	0.0	-0.01342967032967055	1828.0349505087893	553.3038370009745	5765.266861414246	
676	0.0	-0.0061043956043955825	1832.382253924805	552.9609211900679	5761.889195990891	
677	0.0	-0.03052197802197791	1836.7249553964846	552.5228350145626	5753.667588131506	
678	0.0	-0.020754945054944844	1841.0676568681642	552.257122310315	5755.49262121239	
679	0.0	0.0012208791208793855	1845.4072903769534	551.9425612596388	5753.0611517532525	
680	0.0	-0.0012208791208793855	1849.7423219414063	551.5216731160763	5744.9725598231635	
681	0.0	-0.003662637362637484	1854.074285542969	551.1129934012133	5738.940956095976	
682	0.0	-0.003662637362637484	1858.4047151630862	550.7884175451327	5737.802106676616	
683	0.0	-0.01342967032967055	1862.7320768203126	550.4381541871844	5734.4881997288685	
684	0.0	-0.01342967032967055	1867.0548365332033	549.9956114990346	5726.419508481191	
685	0.0	-0.0061043956043955825	1871.3775962460938	549.7271957831545	5728.406583358639	
686	0.0	0.028080219780219812	1875.697287996094	549.4109952729777	5726.115425658925	
687	0.0	0.0012208791208793855	1880.012377801758	548.98911274696	5718.137428654245	
688	0.0	-0.0061043956043955825	1884.3259336259766	548.6565289808932	5716.0233191546395	
689	0.0	-0.01098791208791178	1888.636421487305	548.3014085798204	5712.242400002728	
690	0.0	-0.020754945054944844	1892.942307404297	547.8559199460724	5703.9659724567755	
691	0.0	0.0012208791208793855	1897.2481933212891	547.5857174237899	5705.8728546539605	
692	0.0	-0.018313186813186746	1901.5494772939455	547.1917340884247	5699.725886617038	
693	0.0	-0.008546153846153681	1905.8492272851563	546.8760720373684	5698.288554941759	
694	0.0	-0.0061043956043955825	1910.1443753320314	546.454516103302	5690.820057248522	
695	0.0	-0.025638461538461714	1914.437989397461	546.1221304253413	5689.00989661838	
696	0.0	-0.015871428571428647	1918.7300694814455	545.8438292430219	5689.245205370447	
697	0.0	-0.0012208791208793855	1923.0175476210939	545.4449338219565	5682.210300767365	
698	0.0	-0.0061043956043955825	1927.303491779297	545.1262924401817	5680.310785094174	
699	0.0	-0.01342967032967055	1931.5863679746096	544.7796285229415	5676.443237097821	
700	0.0	-0.008546153846153681	1935.8661762070315	544.4159680782905	5671.817732397623	
701	0.0	-0.01342967032967055	1940.144450458008	544.1186977906182	5670.831731996765	
702	0.0	-0.020754945054944844	1944.4181227646486	543.7082970252086	5663.351011717121	
703	0.0	-0.0012208791208793855	1948.690261089844	543.382677299247	5661.359988835393	
704	0.0	-0.01342967032967055	1952.9593314521485	543.0317808021209	5657.545443405252	
705	0.0	-0.0012208791208793855	1957.2253338515627	542.665553167928	5653.017897694404	
706	0.0	-0.018313186813186746	1961.4882682880861	542.290026728806	5648.2962753902975	
707	0.0	0.003662637362637484	1965.7496687431642	541.9855593514658	5647.436478041971	
708	0.0	-0.015871428571428647	1970.0080012353517	541.6474924026843	5643.979163114833	
709	0.0	-0.023196703296702943	1974.2617317832032	541.2123472108215	5635.633851665756	
710	0.0	-0.0012208791208793855	1978.5154623310548	540.9484183033928	5637.338126119648	
711	0.0	0.0012208791208793855	1982.7661249160158	540.6349391801632	5634.805677044038	
712	0.0	0.0012208791208793855	1987.0121855566408	540.2147072588123	5626.639015264944	
713	0.0	-0.003662637362637484	1991.2567122158205	539.8831246351183	5624.384809960578	
714	0.0	-0.003662637362637484	1995.4981709121096	539.5286114576156	5620.503351897845	
715	0.0	-0.015871428571428647	1999.736561645508	539.1601901958347	5615.991456465599	
716	0.0	0.003662637362637484	2003.973418397461	538.860032326571	5615.148388307018	
717	0.0	0.0012208791208793855	2008.2072071865236	538.5245792266214	5611.634212701825	
718	0.0	0.0012208791208793855	2012.4379280126955	538.1677184865111	5607.048725049444	
719	0.0	0.0012208791208793855	2016.6655808759767	537.7978733560303	5602.1463157293765	
720	0.0	-0.003662637362637484	2020.8916997578126	537.4968518666719	5601.088528288103	
721	0.0	0.0012208791208793855	2025.1132166953128	537.0841758823954	5593.622593447984	
722	0.0	-0.0061043956043955825	2029.3331996513673	536.7571761663276	5591.675915184987	
723	0.0	-0.008546153846153681	2033.5501146445315	536.4054426629009	5587.909723242872	
724	0.0	0.0061043956043955825	2037.763961674805	536.038707358719	5583.424519804197	
725	0.0	0.0061043956043955825	2041.9747407421876	535.6628730021621	5578.736473017729	
726	0.0	-0.028080219780219812	2046.183985828125	535.3582188634609	5577.901827980793	
727	0.0	0.0012208791208793855	2050.390162951172	535.0200386381912	5574.462672607344	
728	0.0	-0.01342967032967055	2054.593272111328	534.6615238129452	5569.965090405567	
729	0.0	-0.008546153846153681	2058.793313308594	534.2906754290452	5565.141717385504	
730	0.0	-0.018313186813186746	2062.9918205244144	533.9890454357374	5564.147467217634	
731	0.0	-0.03052197802197791	2067.187259777344	533.6526994473825	5560.5644847678195	
732	0.0	-0.023196703296702943	2071.379631067383	533.2952971431223	5555.951146950138	
733	0.0	-0.023196703296702943	2075.5689343945314	532.9251235373376	5551.040266292748	
734	0.0	-0.023196703296702943	2079.755169758789	532.5472037453583	5546.14749449004	
735	0.0	-0.023196703296702943	2083.9398711416015	532.2412847261294	5545.221103356231	
736	0.0	-0.0012208791208793855	2088.119970580078	531.8256382397522	5537.911014852776	
737	0.0	0.0012208791208793855	2092.2985360371094	531.4968368230911	5536.105049758138	
738	0.0	0.01098791208791178	2096.4740335312504	531.1440105329384	5532.452218851307	
739	0.0	-0.0061043956043955825	2100.6464630625	530.7766124200571	5528.05276381916	
740	0.0	-0.015871428571428647	2104.8158246308594	530.4003760496853	5523.427031915333	
741	0.0	-0.0012208791208793855	2108.9836522177734	530.0954780773754	5522.636433580465	
742	0.0	-0.020754945054944844	2113.1468778603517	529.6804508871573	5515.392831572386	
743	0.0	-0.025638461538461714	2117.3085695214845	529.3520250927104	5513.617563301625	
744	0.0	-0.0012208791208793855	2121.4671932197266	528.999426628885	5509.977510502675	
745	0.0	0.0061043956043955825	2125.6227489550784	528.6321666997537	5505.582263375778	
746	0.0	-0.0061043956043955825	2129.7752367275393	528.256014142069	5500.956935111688	
747	0.0	-0.018313186813186746	2133.926190518555	527.9511670045613	5500.1652784084035	
748	0.0	-0.0012208791208793855	2138.0725423652348	527.5361706473777	5492.920244055767	
749	0.0	-0.028080219780219812	2142.218894211914	527.2844626262377	5494.978581216757	
750	0.0	0.0012208791208793855	2146.360644114258	526.9016967731441	5488.6359089698235	
751	0.0	-0.003662637362637484	2150.4993260537112	526.5161393969611	5483.070505298405	
752	0.0	0.0012208791208793855	2154.6364740117187	526.2055879485852	5481.854897153949	
753	0.0	-0.045172527472527174	2158.7720879882813	525.9405298963393	5482.111325349593	
754	0.0	-0.01098791208791178	2162.901566039063	525.4729677676514	5471.0483626645655	
755	0.0	-0.01342967032967055	2167.031044089844	525.1893769935414	5471.608340975017	
756	0.0	-0.0061043956043955825	2171.1574541777345	524.8639723450469	5468.687558548612	
757	0.0	0.003662637362637484	2175.279262321289	524.4365072267829	5460.470787636423	
758	0.0	-0.015871428571428647	2179.3995364833986	524.1005374472734	5458.298656743755	
759	0.0	-0.01342967032967055	2183.518276664063	523.8200623975426	5458.370147715257	
760	0.0	-0.018313186813186746	2187.632414900391	523.4198484591325	5451.269683510949	
761	0.0	-0.015871428571428647	2191.7450191552734	523.1004073561489	5449.35090521965	
762	0.0	-0.028080219780219812	2195.8530214658203	522.6765593111195	5441.6491549000675	
763	0.0	-0.01342967032967055	2199.959489794922	522.3427833975438	5439.733158846659	
764	0.0	0.0012208791208793855	2204.0644241425784	522.0636389947031	5439.925891588533	
765	0.0	-0.008546153846153681	2208.1647565458984	521.6642321344698	5432.8782743481315	
766	0.0	-0.015871428571428647	2212.2635549677734	521.3452805492561	5430.979000312436	
767	0.0	-0.028080219780219812	2216.359285426758	520.9984284840757	5427.116422150113	
768	0.0	-0.01342967032967055	2220.4519479228516	520.6346539218939	5422.496857269289	
769	0.0	0.023196703296702943	2224.5415424560547	520.2606153461966	5417.681280322602	
770	0.0	-0.008546153846153681	2228.629603007813	519.9570504036965	5416.741362193377	
771	0.0	0.003662637362637484	2232.71459559668	519.6195308093302	5413.221419825051	
772	0.0	-0.0061043956043955825	2236.7965202226565	519.2614166770072	5408.664565852057	
773	0.0	0.047614285714285276	2240.8769108671877	518.9675103979098	5407.633966024132	
774	0.0	0.03784725274725288	2244.952699567383	518.5591500069568	5400.073888713272	
775	0.0	-0.003662637362637484	2249.0254203046875	518.1580687583628	5394.168054478287	
776	0.0	-0.0061043956043955825	2253.098141041992	517.914800677434	5396.822295109756	
777	0.0	0.03052197802197791	2257.164725853516	517.4604548347852	5386.874872504428	
778	0.0	0.003662637362637484	2261.2313106650395	517.1848801436136	5387.905963425732	
779	0.0	-0.008546153846153681	2265.294827513672	516.8643374952517	5385.146285213312	
780	0.0	-0.01342967032967055	2269.353742417969	516.4398213292588	5376.951630949436	
781	0.0	-0.0012208791208793855	2273.4126573222657	516.1823392519873	5378.582015584692	
782	0.0	0.0012208791208793855	2277.4669702822266	515.7960712568165	5372.069556335275	
783	0.0	0.0061043956043955825	2281.5182152792972	515.4083897239761	5366.4556255522	
784	0.0	-0.01098791208791178	2285.567926294922	515.0965499094891	5365.243612199913	
785	0.0	-0.008546153846153681	2289.6145693476565	514.7540113513969	5361.687299610825	
786	0.0	-0.04273076923076908	2293.6581444375	514.3928530636185	5357.1864245722645	
787	0.0	-0.01098791208791178	2297.7001855458984	514.0971004108433	5356.237110483784	
788	0.0	-0.023196703296702943	2301.7391586914064	513.764319209804	5352.589997872408	
789	0.0	-0.015871428571428647	2305.7750638740235	513.409079058416	5347.882335174116	
790	0.0	-0.01342967032967055	2309.8094350751953	513.1169159369601	5346.715578432046	
791	0.0	-0.003662637362637484	2313.8392043320314	512.709612824503	5339.045813857585	
792	0.0	-0.01098791208791178	2317.867439607422	512.385871920007	5336.891965191928	
793	0.0	-0.01342967032967055	2321.8941409013673	512.1128140580113	5336.784401225559	
794	0.0	-0.01098791208791178	2325.916240250977	511.71709887162433	5329.460006749614	
795	0.0	0.0012208791208793855	2329.9368056191406	511.40038639969134	5327.335457926762	
796	0.0	0.023196703296702943	2333.9558370058594	511.13159149774583	5327.136381908338	
797	0.0	-0.008546153846153681	2337.9702664482425	510.73846192730707	5319.690198881446	
798	0.0	0.008546153846153681	2341.9831619091797	510.42331771079625	5317.451578482785	
799	0.0	-0.018313186813186746	2345.9914554257816	510.00207585930184	5309.489022922593	
800	0.0	-0.018313186813186746	2349.999748942383	509.7465797543264	5311.209271063548	
801	0.0	0.0012208791208793855	2354.004974496094	509.438215384449	5308.555391019214	
802	0.0	-0.0061043956043955825	2358.005598105469	509.0210857179045	5300.235549634748	
803	0.0	-0.0012208791208793855	2362.0046877333984	508.6913847068936	5297.840200028986	
804	0.0	0.003662637362637484	2366.0007093984377	508.3380127852288	5293.843876901956	
805	0.0	-0.0061043956043955825	2369.993663100586	507.9702837301302	5289.244567189096	
806	0.0	-0.03540549450549411	2373.9850828212893	507.67054570549226	5288.337716643269	
807	0.0	-0.0695901098901095	2377.9734345791016	507.3353472541494	5284.778327004507	
808	0.0	-0.01342967032967055	2381.9587183740236	506.97864096621925	5280.161456187754	
809	0.0	-0.01098791208791178	2385.940934206055	506.60888951572997	5275.237610477696	
810	0.0	-0.0061043956043955825	2389.9216160566407	506.3079248461436	5274.165364601184	
811	0.0	-0.023196703296702943	2393.897695962891	505.8952833248186	5266.689776800664	
812	0.0	-0.03052197802197791	2397.873775869141	505.64500358382065	5268.57166147789	
813	0.0	-0.023196703296702943	2401.8437198496094	505.1864049542055	5258.264803809419	
814	0.0	-0.015871428571428647	2405.8136638300784	504.90825081735966	5259.1440118453975	
815	0.0	-0.003662637362637484	2409.7805398476567	504.5861436560954	5256.332319148401	
816	0.0	-0.01098791208791178	2413.744347902344	504.2373776371969	5251.965396325326	
817	0.0	-0.03784725274725288	2417.706621975586	503.949141275647	5250.904644129278	
818	0.0	-0.008546153846153681	2421.6642941044925	503.5442198636156	5243.238118376961	
819	0.0	-0.020754945054944844	2425.6204322519534	503.2219235335797	5241.049201705904	
820	0.0	-0.0061043956043955825	2429.5735024365235	502.87304277801013	5237.062952983626	
821	0.0	-0.003662637362637484	2433.5235046582034	502.50803775289387	5232.399921705779	
822	0.0	-0.003662637362637484	2437.4704389169924	502.13325286369945	5227.577113212494	
823	0.0	0.0720318681318676	2441.415839194336	501.82923525913793	5226.644413165202	
824	0.0	-0.003662637362637484	2445.3581715087894	501.4914411113423	5223.135887112552	
825	0.0	0.0012208791208793855	2449.297435860352	501.1331604539009	5218.590226444201	
826	0.0	-0.028080219780219812	2453.2336322490237	500.76245409999683	5213.7340513443705	
827	0.0	-0.015871428571428647	2457.16829465625	500.4609102522372	5212.717697320975	
828	0.0	-0.028080219780219812	2461.099889100586	500.1246165138291	5209.119968750867	
829	0.0	0.0012208791208793855	2465.0284155820314	499.7672459007881	5204.496874539127	
830	0.0	0.01342967032967055	2468.9554080820317	499.4737905889633	5203.414537183708	
831	0.0	0.0012208791208793855	2472.8793326191408	499.14240279562364	5199.651021107151	
832	0.0	0.008546153846153681	2476.798655211914	498.7113087164762	5191.016136781334	
833	0.0	-0.01098791208791178	2480.7179778046875	498.449836933185	5192.48178668203	
834	0.0	0.0012208791208793855	2484.632698453125	498.06114905884897	5185.93144568368	
835	0.0	-0.023196703296702943	2488.5458851201174	497.7486988673045	5184.167118155499	
836	0.0	-0.0061043956043955825	2492.456003824219	497.4057900968619	5180.285300675183	
837	0.0	0.0012208791208793855	2496.36305456543	497.0444072639075	5175.592753271769	
838	0.0	-0.015871428571428647	2500.2685713251954	496.7485184175748	5174.530675408776	
839	0.0	-0.015871428571428647	2504.1710201220703	496.4156546110462	5170.8172857512545	
840	0.0	-0.020754945054944844	2508.0688669746096	495.9836652846425	5162.235754790796	
841	0.0	-0.01342967032967055	2511.9651798457035	495.6449514341657	5159.912731502787	
842	0.0	-0.01098791208791178	2515.859958735352	495.3628120210924	5159.93536846387	
843	0.0	-0.020754945054944844	2519.7501356806642	494.9615885952808	5152.831151566988	
844	0.0	-0.008546153846153681	2523.6403126259765	494.718234279484	5154.760747027969	
845	0.0	-0.0061043956043955825	2527.524353645508	494.26383613274083	5144.375145741436	
846	0.0	-0.025638461538461714	2531.4083946650394	493.98822971756454	5145.141281115448	
847	0.0	-0.0061043956043955825	2535.28936772168	493.66766782765626	5142.221392505227	
848	0.0	-0.0012208791208793855	2539.16727281543	493.31983906333335	5137.764818515039	
849	0.0	-0.0061043956043955825	2543.0436439277346	493.03217117539316	5136.635117001377	
850	0.0	0.008546153846153681	2546.9169470771485	492.7042936322541	5132.75288593239	
851	0.0	-0.015871428571428647	2550.787182263672	492.35202769975876	5127.826370946459	
852	0.0	0.0012208791208793855	2554.654349487305	491.98496946100204	5122.645674591633	
853	0.0	-0.01098791208791178	2558.518448748047	491.60893923476397	5117.540811245279	
854	0.0	-0.028080219780219812	2562.3825480087894	491.3808653673768	5120.291353320852	
855	0.0	0.01098791208791178	2566.2420453251957	491.01243435357173	5114.001043147218	
856	0.0	-0.01098791208791178	2570.098474678711	490.63557149711414	5108.244509909593	
857	0.0	-0.008546153846153681	2573.9533700507814	490.3302935416723	5106.777786946364	
858	0.0	-0.01098791208791178	2577.805197459961	489.99173495243303	5102.964956488977	
859	0.0	-0.01098791208791178	2581.65395690625	489.63299063782324	5098.2466119709825	
860	0.0	-0.03540549450549411	2585.4996483896484	489.26200306159444	5093.292908106032	
861	0.0	-0.025638461538461714	2589.3422719101563	488.8835895716329	5088.386818937044	
862	0.0	-0.015871428571428647	2593.183361449219	488.5773711094371	5087.460026796252	
863	0.0	0.0012208791208793855	2597.021383025391	488.238242073945	5083.989304644409	
864	0.0	-0.018313186813186746	2600.856336638672	487.87915176613024	5079.487329028867	
865	0.0	-0.0012208791208793855	2604.6882222890627	487.50795433446183	5074.670239303188	
866	0.0	-0.020754945054944844	2608.5170399765625	487.1294135606149	5069.850273783377	
867	0.0	-0.023196703296702943	2612.345857664063	486.8998169691913	5072.812651000386	
868	0.0	-0.045172527472527174	2616.170073407227	486.5304623765405	5066.674501786507	
869	0.0	-0.023196703296702943	2619.9912211875003	486.1530393411231	5061.024619329313	
870	0.0	0.0012208791208793855	2623.8108349863282	485.8474216199975	5059.6312934168345	
871	0.0	0.0061043956043955825	2627.627380822266	485.5086569524574	5055.868263453878	
872	0.0	-0.003662637362637484	2631.442392676758	485.2264867173508	5055.018282337067	
873	0.0	-0.025638461538461714	2635.2543365683596	484.901943669247	5051.220228662729	
874	0.0	-0.023196703296702943	2639.0632124970707	484.5517002103734	5046.292922638946	
875	0.0	-0.01098791208791178	2642.870554444336	484.262567736092	5044.9152531764485	
876	0.0	-0.008546153846153681	2646.673294447266	483.857102804177	5037.070440808584	
877	0.0	-0.008546153846153681	2650.4760344501956	483.61117588478373	5038.616792495501	
878	0.0	-0.008546153846153681	2654.2741725087894	483.2319164473156	5031.873696475177	
879	0.0	-0.0012208791208793855	2658.0692426044925	482.8484858197626	5026.010903137045	
880	0.0	0.023196703296702943	2661.86277871875	482.53922430975945	5024.581850767758	
881	0.0	-0.07447362637362637	2665.6532468701175	482.19824957236415	5020.853807953637	
882	0.0	-0.0012208791208793855	2669.440647058594	481.8380397897854	5016.2244578148275	
883	0.0	-0.0061043956043955825	2673.2265132656253	481.54286243460956	5015.1824715745315	
884	0.0	0.0012208791208793855	2677.0093115097657	481.21043016927433	5011.4702053066285	
885	0.0	-0.020754945054944844	2680.790575772461	480.93210073024966	5010.552553013924	
886	0.0	-0.0061043956043955825	2684.565704109375	480.45648909837473	4998.983827912452	
887	0.0	0.003662637362637484	2688.3423664277348	480.2447151259985	5003.197159095231	
888	0.0	-0.015871428571428647	2692.114426801758	479.8861704984738	4997.540632465974	
889	0.0	-0.01342967032967055	2695.8834192128907	479.51530403856304	4992.01478748579	
890	0.0	-0.0061043956043955825	2699.6508776425785	479.2136630816094	4990.594747585084	
891	0.0	-0.01342967032967055	2703.415268109375	478.87731044346583	4986.7536810712845	
892	0.0	0.003662637362637484	2707.1765906132814	478.5199041059532	4981.98391074959	
893	0.0	-0.015871428571428647	2710.9363791357423	478.22642712609377	4980.813165302763	
894	0.0	-0.020754945054944844	2714.6915657138675	477.8183271182643	4973.161410309782	
895	0.0	0.0012208791208793855	2718.446752291992	477.5708019445883	4974.86582934493	
896	0.0	-0.028080219780219812	2722.1988709072266	477.2672721890849	4972.078410480855	
897	0.0	-0.0061043956043955825	2725.9479215595707	476.9297739366302	4967.437355126582	
898	0.0	-0.01098791208791178	2729.6939042490235	476.5716727488325	4962.200179895684	
899	0.0	-0.015871428571428647	2733.4383529570314	476.27777432103176	4960.756743086062	
900	0.0	-0.018313186813186746	2737.1797337021485	475.94611776436795	4956.781099015661	
901	0.0	-0.020754945054944844	2740.9180464843753	475.5915597442945	4951.856685100542	
902	0.0	-0.01342967032967055	2744.6548252851567	475.299810356315	4950.547855806832	
903	0.0	0.003662637362637484	2748.387002141602	474.89275818597525	4942.785486837842	
904	0.0	-0.01098791208791178	2752.119178998047	474.64586855782545	4944.406522543657	
905	0.0	-0.01342967032967055	2755.848287891602	474.34272428019904	4941.558647196998	
906	0.0	0.008546153846153681	2759.5727948408207	473.9287607597944	4933.039975827389	
907	0.0	-0.028080219780219812	2763.295767808594	473.6009801134642	4930.474800132579	
908	0.0	0.0012208791208793855	2767.017206794922	473.3254720241821	4930.180566626106	
909	0.0	-0.0061043956043955825	2770.7355778183596	473.00496977195144	4926.616002917603	
910	0.0	-0.01342967032967055	2774.4508808789064	472.65717717967345	4921.767486410576	
911	0.0	-0.0061043956043955825	2778.163115976563	472.2928321589716	4916.56454369683	
912	0.0	0.0012208791208793855	2781.8738170927736	471.9951466549246	4915.238953724944	
913	0.0	-0.023196703296702943	2785.5829842275393	471.737892192672	4915.2286252779595	
914	0.0	-0.03052197802197791	2789.287549417969	471.3517622528889	4907.717484081237	
915	0.0	-0.018313186813186746	2792.9905806269535	471.04086352713057	4905.330629086682	
916	0.0	0.047614285714285276	2796.6905438730473	470.69889576829155	4901.047106254755	
917	0.0	-0.04028901098901098	2800.3889731376958	470.41478275996633	4899.931234293828	
918	0.0	0.0012208791208793855	2804.082800458008	470.0123622881365	4892.167163743376	
919	0.0	-0.01342967032967055	2807.7750937968754	469.6915828550118	4889.880196674931	
920	0.0	-0.020754945054944844	2811.4658531542973	469.420321216312	4889.6458451519175	
921	0.0	-0.015871428571428647	2815.1489426044923	468.87229734973516	4874.54671388046	
922	0.0	-0.0061043956043955825	2818.833566036133	468.6166031357134	4877.744664832389	
923	0.0	0.01098791208791178	2822.515121504883	468.3081186066265	4875.990137220881	
924	0.0	0.01098791208791178	2826.195142992188	468.04431420436595	4875.887556226469	
925	0.0	-0.01098791208791178	2829.8705625351563	467.6542115251068	4868.422304382875	
926	0.0	-0.01342967032967055	2833.54444809668	467.34090321100666	4866.125053804382	
927	0.0	0.01342967032967055	2837.216799676758	467.0741730351583	4865.768298487263	
928	0.0	-0.018313186813186746	2840.8845493125004	466.6822957843542	4858.194374223836	
929	0.0	0.0061043956043955825	2844.550764966797	466.36791113822255	4855.858802852512	
930	0.0	0.0012208791208793855	2848.2139126582033	466.0238290616835	4851.660586797512	
931	0.0	-0.01098791208791178	2851.875526368164	465.73843365488574	4850.629331005366	
932	0.0	0.003662637362637484	2855.5340721152347	465.41193444130477	4846.771476056438	
933	0.0	0.018313186813186746	2859.1895498994145	465.06050450803014	4841.838314643093	
934	0.0	-0.01098791208791178	2862.845027683594	464.847351472883	4844.310495508853	
935	0.0	-0.0012208791208793855	2866.4943695419925	464.4112713293289	4833.784396887884	
936	0.0	-0.03784725274725288	2870.1437114003907	464.1467753449688	4834.180494347096	
937	0.0	-0.01098791208791178	2873.7899852958985	463.83295227220515	4830.863413130861	
938	0.0	-0.008546153846153681	2877.433191228516	463.48921080713626	4826.061149484653	
939	0.0	0.03052197802197791	2881.074863179688	463.204021991638	4824.658224216964	
940	0.0	0.0012208791208793855	2884.7119331865238	462.80094900980475	4816.736774483961	
941	0.0	-0.020754945054944844	2888.3490031933597	462.5564728815225	4818.19945143503	
942	0.0	-0.04273076923076908	2891.9814712558596	462.17809339327505	4811.383046135048	
943	0.0	-0.03052197802197791	2895.6124053369144	461.87189555421355	4809.297059977747	
944	0.0	0.0012208791208793855	2899.2418054365235	461.6094780995627	4808.957884045958	
945	0.0	0.0012208791208793855	2902.8666035917972	461.2202166465577	4801.327564818814	
946	0.0	-0.018313186813186746	2906.4914017470705	460.9841176342743	4802.752069409136	
947	0.0	-0.015871428571428647	2910.111597958008	460.6108191239182	4795.782257759598	
948	0.0	-0.015871428571428647	2913.7302601875003	460.30770305375336	4793.5242231111515	
949	0.0	0.0012208791208793855	2917.3443204726564	459.893756641919	4785.362869622179	
950	0.0	0.0012208791208793855	2920.958380757813	459.64268544493825	4786.849105789632	
951	0.0	-0.0061043956043955825	2924.5693730800785	459.33700491747004	4783.984488534727	
952	0.0	0.0061043956043955825	2928.1772974394535	458.9982021559845	4779.330051799174	
953	0.0	0.0012208791208793855	2931.783687817383	458.71600881562335	4777.939997439033	
954	0.0	-0.025638461538461714	2935.385476250977	458.31475268132635	4769.979778425186	
955	0.0	-0.0061043956043955825	2938.9872646845706	458.0713785268308	4771.390690918437	
956	0.0	0.0012208791208793855	2942.5844511738283	457.6936674195167	4764.525754577826	
957	0.0	-0.01098791208791178	2946.180103681641	457.38787497390877	4762.399940368228	
958	0.0	0.0012208791208793855	2949.772688226563	457.04900433067814	4758.195350531467	
959	0.0	-0.08668241758241754	2953.3637387900394	456.7667698179721	4757.079197591618	
960	0.0	-0.015871428571428647	2956.951721390625	456.44218778351205	4753.120701976648	
961	0.0	-0.008546153846153681	2960.5366360283206	456.0919206782419	4748.09668918388	
962	0.0	-0.015871428571428647	2964.1200166845706	455.8027738617384	4746.66073177271	
963	0.0	-0.015871428571428647	2967.70032937793	455.4739993031253	4742.615742594517	
964	0.0	-0.018313186813186746	2971.279108089844	455.19788837552187	4741.439410902472	
965	0.0	0.015871428571428647	2974.8548188388672	454.87702048328356	4737.349200961085	
966	0.0	-0.03540549450549411	2978.4274616250004	454.5290061191772	4732.187549135855	
967	0.0	-0.015871428571428647	2981.9970364482424	454.1645265870611	4726.798128518647	
968	0.0	0.0012208791208793855	2985.563543308594	453.79006042546825	4721.526571850343	
969	0.0	-0.0061043956043955825	2989.1300501689457	453.5629352112592	4724.151690068633	
970	0.0	-0.0012208791208793855	2992.691955084961	453.1950795847224	4717.770556112548	
971	0.0	-0.0061043956043955825	2996.2523260195317	452.8952647904807	4715.784942524388	
972	0.0	-0.01098791208791178	2999.8096289912114	452.5600197761087	4711.572443683766	
973	0.0	-0.025638461538461714	3003.3653979814458	452.27998431859305	4710.395119712284	
974	0.0	0.0061043956043955825	3006.9196329902347	452.03343515089364	4710.200283055787	
975	0.0	-0.01098791208791178	3010.4692660546875	451.653798300802	4702.4107780759805	
976	0.0	-0.0695901098901095	3014.0173651376954	451.3468378331163	4699.754127507313	
977	0.0	0.015871428571428647	3017.562396257813	451.00725874860655	4695.245730411083	
978	0.0	-0.025638461538461714	3021.10742737793	450.8012936168234	4697.79127803614	
979	0.0	-0.020754945054944844	3024.646322572266	450.36957315704785	4687.197915720826	
980	0.0	-0.015871428571428647	3028.1836837851565	450.03102238240535	4683.650474461112	
981	0.0	-0.025638461538461714	3031.7195110166017	449.74898187987856	4682.927928739835	
982	0.0	-0.0012208791208793855	3035.2522702851566	449.4245175186661	4679.205151366743	
983	0.0	0.0695901098901095	3038.783495572266	449.15102085802937	4678.157232856971	
984	0.0	-0.018313186813186746	3042.3116528964847	448.831738598994	4674.104260883032	
985	0.0	-0.025638461538461714	3045.8367422578126	448.48468596997554	4668.940540416133	
986	0.0	0.0012208791208793855	3049.3602976376956	448.19748883196735	4667.369864943423	
987	0.0	0.04273076923076908	3052.8807850546877	447.86989681312116	4663.212850071821	
988	0.0	-0.0012208791208793855	3056.398204508789	447.5178040598403	4658.115230734344	
989	0.0	-0.0061043956043955825	3059.912556	447.1508508596744	4652.828061625496	
990	0.0	0.0012208791208793855	3063.425373509766	446.85158341471106	4651.491939677977	
991	0.0	-0.015871428571428647	3066.935123056641	446.5166703844152	4647.664866843486	
992	0.0	-0.01342967032967055	3070.4433386220708	446.236836285505	4646.716153636593	
993	0.0	-0.01342967032967055	3073.946952243164	445.8370111033728	4638.986938318314	
994	0.0	-0.01098791208791178	3077.449031882813	445.5178057931771	4636.680758523587	
995	0.0	-0.003662637362637484	3080.949577541016	445.2474989082548	4636.410278253141	
996	0.0	-0.01098791208791178	3084.447055236328	444.930151345965	4632.779249405685	
997	0.0	-0.01098791208791178	3087.94146496875	444.5842721698282	4627.841368278863	
998	0.0	0.0061043956043955825	3091.4328067382817	444.22108769475017	4622.554471962332	
999	0.0	-0.01098791208791178	3094.9226145263674	443.9241060972272	4621.159916527504	
1000	0.0	-0.008546153846153681	3098.409354351563	443.5905795036524	4617.261859936494	
1001	0.0	-0.008546153846153681	3101.894560195313	443.3115863209823	4616.248535544404	
1002	0.0	-0.015871428571428647	3105.3751640947266	442.912271180423	4608.467056370962	
1003	0.0	-0.01098791208791178	3108.855767994141	442.67007429827936	4609.956200048709	
1004	0.0	0.0012208791208793855	3112.331769949219	442.2930772427644	4603.120408214199	
1005	0.0	-0.0012208791208793855	3115.806237922852	441.9877178914612	4601.001168430041	
1006	0.0	0.008546153846153681	3119.277637933594	441.6491099331761	4596.793832109757	
1007	0.0	-0.025638461538461714	3122.745969981446	441.2903356747411	4591.836975311424	
1008	0.0	-0.018313186813186746	3126.212768047852	440.9960290088493	4590.574025630056	
1009	0.0	-0.018313186813186746	3129.6764981513675	440.664124843257	4586.714200129729	
1010	0.0	0.06470659340659331	3133.138694273438	440.3861157130159	4585.698837351476	
1011	0.0	-0.015871428571428647	3136.5962884511723	439.98739743049373	4577.900821055879	
1012	0.0	-0.025638461538461714	3140.0538826289066	439.74556256094365	4579.3706540628045	
