0	0.0	-0.01098791208791178	0.0	0.0	0.0	
1	0.0	-0.025638461538461714	0.0	0.0	0.0	
2	0.0	-0.008546153846153681	0.0	0.0	0.0	
3	0.0	-0.020754945054944844	0.0	0.0	0.0	
4	0.0	-0.020754945054944844	0.0	0.0	0.0	
5	0.0	-0.023196703296702943	0.0	0.0	0.0	
6	0.0	-0.01342967032967055	0.0	0.0	0.0	
7	0.0	-0.015871428571428647	0.0	0.0	0.0	
8	0.0	-0.023196703296702943	0.0	0.0	0.0	
9	0.0	-0.01098791208791178	0.0	0.0	0.0	
10	0.0	-0.01098791208791178	0.0	0.0	0.0	
11	0.0	-0.0012208791208793855	0.0	0.0	0.0	
12	0.0	-0.023196703296702943	0.0	0.0	0.0	
13	0.0	-0.018313186813186746	0.0	0.0	0.0	
14	0.0	0.0012208791208793855	0.0	0.0	0.0	
15	0.0	-0.018313186813186746	0.0	0.0	0.0	
16	0.0	-0.020754945054944844	0.0	0.0	0.0	
17	0.0	-0.028080219780219812	0.0	0.0	0.0	
18	0.0	-0.0061043956043955825	0.0	0.0	0.0	
19	0.0	-0.01342967032967055	0.0	0.0	0.0	
20	0.0	-0.0012208791208793855	0.0	0.0	0.0	
21	0.0	-0.025638461538461714	0.0	0.0	0.0	
22	0.0	-0.023196703296702943	0.0	0.0	0.0	
23	0.0	-0.015871428571428647	0.0	0.0	0.0	
24	0.0	-0.018313186813186746	0.0	0.0	0.0	
25	0.0	-0.01098791208791178	0.0	0.0	0.0	
26	0.0	0.0012208791208793855	0.0	0.0	0.0	
27	0.0	-0.015871428571428647	0.0	0.0	0.0	
28	0.0	-0.01098791208791178	0.0	0.0	0.0	
29	0.0	-0.018313186813186746	0.0	0.0	0.0	
30	0.0	-0.01342967032967055	0.0	0.0	0.0	
31	0.0	-0.015871428571428647	0.0	0.0	0.0	
32	0.0	0.003662637362637484	0.0	0.0	0.0	
33	0.0	-0.018313186813186746	0.0	0.0	0.0	
34	0.0	-0.018313186813186746	0.0	0.0	0.0	
35	0.0	0.0012208791208793855	0.0	0.0	0.0	
36	0.0	-0.023196703296702943	0.0	0.0	0.0	
37	0.0	-0.008546153846153681	0.0	0.0	0.0	
38	0.0	-0.01342967032967055	0.0	0.0	0.0	
39	0.0	-0.025638461538461714	0.0	0.0	0.0	
40	0.0	-0.018313186813186746	0.0	0.0	0.0	
41	0.0	-0.023196703296702943	0.0	0.0	0.0	
42	0.0	-0.020754945054944844	0.0	0.0	0.0	
43	0.0	-0.01342967032967055	0.0	0.0	0.0	
44	0.0	-0.020754945054944844	0.0	0.0	0.0	
45	0.0	-0.028080219780219812	0.0	0.0	0.0	
46	0.0	-0.015871428571428647	0.0	0.0	0.0	
47	0.0	-0.03052197802197791	0.0	0.0	0.0	
48	0.0	-0.020754945054944844	0.0	0.0	0.0	
49	0.0	-0.025638461538461714	0.0	0.0	0.0	
50	0.0	-0.018313186813186746	0.0	0.0	0.0	
51	0.0	-0.01098791208791178	0.0	0.0	0.0	
52	0.0	-0.025638461538461714	0.0	0.0	0.0	
53	0.0	-0.01098791208791178	0.0	0.0	0.0	
54	0.0	-0.023196703296702943	0.0	0.0	0.0	
55	0.0	-0.01342967032967055	0.0	0.0	0.0	
56	0.0	-0.03296373626373601	0.0	0.0	0.0	
57	0.0	-0.01098791208791178	0.0	0.0	0.0	
58	0.0	-0.03296373626373601	0.0	0.0	0.0	
59	0.0	-0.018313186813186746	0.0	0.0	0.0	
60	0.0	-0.03296373626373601	0.0	0.0	0.0	
61	0.0	-0.023196703296702943	0.0	0.0	0.0	
62	0.0	-0.028080219780219812	0.0	0.0	0.0	
63	0.0	-0.03052197802197791	0.0	0.0	0.0	
64	0.0	-0.015871428571428647	0.0	0.0	0.0	
65	0.0	-0.03784725274725288	0.0	0.0	0.0	
66	0.0	-0.025638461538461714	0.0	0.0	0.0	
67	0.0	-0.01098791208791178	0.0	0.0	0.0	
68	0.0	-0.01342967032967055	0.0	0.0	0.0	
69	0.0	-0.01342967032967055	0.0	0.0	0.0	
70	0.0	-0.0061043956043955825	0.0	0.0	0.0	
71	0.0	-0.028080219780219812	0.0	0.0	0.0	
72	0.0	-0.015871428571428647	0.0	0.0	0.0	
73	0.0	-0.020754945054944844	0.0	0.0	0.0	
74	0.0	-0.0061043956043955825	0.0	0.0	0.0	
75	0.0	-0.020754945054944844	0.0	0.0	0.0	
76	0.0	-0.015871428571428647	0.0	0.0	0.0	
77	0.0	-0.0061043956043955825	0.0	0.0	0.0	
78	0.0	-0.028080219780219812	0.0	0.0	0.0	
79	0.0	-0.008546153846153681	0.0	0.0	0.0	
80	0.0	-0.01342967032967055	0.0	0.0	0.0	
81	0.0	0.003662637362637484	0.0	0.0	0.0	
82	0.0	-0.008546153846153681	0.0	0.0	0.0	
83	0.0	-0.003662637362637484	0.0	0.0	0.0	
84	0.0	-0.0061043956043955825	0.0	0.0	0.0	
85	0.0	-0.01342967032967055	0.0	0.0	0.0	
86	0.0	-0.0012208791208793855	0.0	0.0	0.0	
87	0.0	-0.0061043956043955825	0.0	0.0	0.0	
88	0.0	-0.0061043956043955825	0.0	0.0	0.0	
89	0.0	-0.018313186813186746	0.0	0.0	0.0	
90	0.0	0.0012208791208793855	0.0	0.0	0.0	
91	0.0	-0.01098791208791178	0.0	0.0	0.0	
92	0.0	-0.008546153846153681	0.0	0.0	0.0	
93	0.0	-0.003662637362637484	0.0	0.0	0.0	
94	0.0	-0.003662637362637484	0.0	0.0	0.0	
95	0.0	-0.015871428571428647	0.0	0.0	0.0	
96	0.0	0.0061043956043955825	0.0	0.0	0.0	
97	0.0	-0.008546153846153681	0.0	0.0	0.0	
98	0.0	0.0012208791208793855	0.0	0.0	0.0	
99	0.0	-0.0061043956043955825	0.0	0.0	0.0	
100	0.0	0.0012208791208793855	0.0	0.0	0.0	
101	0.0	0.0012208791208793855	0.0	0.0	0.0	
102	0.0	-0.0012208791208793855	0.0	0.0	0.0	
103	0.0	0.0012208791208793855	0.0	0.0	0.0	
104	0.0	-0.008546153846153681	0.0	0.0	0.0	
105	0.0	-0.0061043956043955825	0.0	0.0	0.0	
106	0.0	0.0061043956043955825	0.0	0.0	0.0	
107	0.0	0.003662637362637484	0.0	0.0	0.0	
108	0.0	-0.03540549450549411	0.0	0.0	0.0	
109	0.0	0.0012208791208793855	0.0	0.0	0.0	
110	0.0	-0.01342967032967055	0.0	0.0	0.0	
111	0.0	-0.008546153846153681	0.0	0.0	0.0	
112	0.0	-0.01098791208791178	0.0	0.0	0.0	
113	0.0	-0.008546153846153681	0.0	0.0	0.0	
114	0.0	0.0012208791208793855	0.0	0.0	0.0	
115	0.0	-0.01098791208791178	0.0	0.0	0.0	
116	0.0	-0.018313186813186746	0.0	0.0	0.0	
117	0.0	-0.008546153846153681	0.0	0.0	0.0	
118	0.0	-0.01098791208791178	0.0	0.0	0.0	
119	0.0	-0.01098791208791178	0.0	0.0	0.0	
120	0.0	-0.01098791208791178	0.0	0.0	0.0	
121	0.0	-0.015871428571428647	0.0	0.0	0.0	
122	0.0	-0.01342967032967055	0.0	0.0	0.0	
123	0.0	-0.003662637362637484	0.0	0.0	0.0	
124	0.0	-0.008546153846153681	0.0	0.0	0.0	
125	0.0	-0.03296373626373601	0.0	0.0	0.0	
126	0.0	-0.01342967032967055	0.0	0.0	0.0	
127	0.0	-0.018313186813186746	0.0	0.0	0.0	
128	0.0	-0.01342967032967055	0.0	0.0	0.0	
129	0.0	-0.01342967032967055	0.0	0.0	0.0	
130	0.0	-0.018313186813186746	0.0	0.0	0.0	
131	0.0	-0.01342967032967055	0.0	0.0	0.0	
132	0.0	-0.015871428571428647	0.0	0.0	0.0	
133	0.0	-0.01342967032967055	0.0	0.0	0.0	
134	0.0	-0.0061043956043955825	0.0	0.0	0.0	
135	0.0	-0.003662637362637484	0.0	0.0	0.0	
136	0.0	-0.008546153846153681	0.0	0.0	0.0	
137	0.0	-0.03296373626373601	0.0	0.0	0.0	
138	0.0	-0.01342967032967055	0.0	0.0	0.0	
139	0.0	-0.01098791208791178	0.0	0.0	0.0	
140	0.0	-0.0012208791208793855	0.0	0.0	0.0	
141	0.0	-0.023196703296702943	0.0	0.0	0.0	
142	0.0	0.03540549450549411	0.0	0.0	0.0	
143	0.0	-0.008546153846153681	0.0	0.0	0.0	
144	0.0	0.01342967032967055	0.0	0.0	0.0	
145	0.0	-0.01098791208791178	0.0	0.0	0.0	
146	0.0	-0.01098791208791178	0.0	0.0	0.0	
147	0.0	0.008546153846153681	0.0	0.0	0.0	
148	0.0	-0.028080219780219812	0.0	0.0	0.0	
149	0.0	-0.008546153846153681	0.0	0.0	0.0	
150	0.0	-0.008546153846153681	0.0	0.0	0.0	
151	0.0	-0.003662637362637484	0.0	0.0	0.0	
152	0.0	-0.0012208791208793855	0.0	0.0	0.0	
153	0.0	-0.0061043956043955825	0.0	0.0	0.0	
154	0.0	0.0012208791208793855	0.0	0.0	0.0	
155	0.0	0.0012208791208793855	0.0	0.0	0.0	
156	0.0	-0.008546153846153681	0.0	0.0	0.0	
157	0.0	-0.01342967032967055	0.0	0.0	0.0	
158	0.0	-0.018313186813186746	0.0	0.0	0.0	
159	0.0	-0.0061043956043955825	0.0	0.0	0.0	
160	0.0	-0.03784725274725288	0.0	0.0	0.0	
161	0.0	-0.018313186813186746	0.0	0.0	0.0	
162	0.0	-0.01098791208791178	0.0	0.0	0.0	
163	0.0	-0.0012208791208793855	0.0	0.0	0.0	
164	0.0	-0.0061043956043955825	0.0	0.0	0.0	
165	0.0	-0.01098791208791178	0.0	0.0	0.0	
166	0.0	0.003662637362637484	0.0	0.0	0.0	
167	0.0	-0.01342967032967055	0.0	0.0	0.0	
168	0.0	0.0012208791208793855	0.0	0.0	0.0	
169	0.0	-0.003662637362637484	0.0	0.0	0.0	
170	0.0	-0.01342967032967055	0.0	0.0	0.0	
171	0.0	-0.0061043956043955825	0.0	0.0	0.0	
172	0.0	-0.025638461538461714	0.0	0.0	0.0	
173	0.0	-0.0012208791208793855	0.0	0.0	0.0	
174	0.0	-0.025638461538461714	0.0	0.0	0.0	
175	0.0	-0.0012208791208793855	0.0	0.0	0.0	
176	0.0	-0.025638461538461714	0.0	0.0	0.0	
177	0.0	-0.023196703296702943	0.0	0.0	0.0	
178	0.0	-0.01098791208791178	0.0	0.0	0.0	
179	0.0	-0.01342967032967055	0.0	0.0	0.0	
180	0.0	-0.028080219780219812	0.0	0.0	0.0	
181	0.0	-0.020754945054944844	0.0	0.0	0.0	
182	0.0	-0.018313186813186746	0.0	0.0	0.0	
183	0.0	-0.01098791208791178	0.0	0.0	0.0	
184	0.0	-0.01098791208791178	0.0	0.0	0.0	
185	0.0	-0.020754945054944844	0.0	0.0	0.0	
186	0.0	-0.03296373626373601	0.0	0.0	0.0	
187	0.0	-0.018313186813186746	0.0	0.0	0.0	
188	0.0	-0.018313186813186746	0.0	0.0	0.0	
189	0.0	-0.020754945054944844	0.0	0.0	0.0	
190	0.0	-0.018313186813186746	0.0	0.0	0.0	
191	0.0	-0.028080219780219812	0.0	0.0	0.0	
192	0.0	-0.018313186813186746	0.0	0.0	0.0	
193	0.0	-0.025638461538461714	0.0	0.0	0.0	
194	0.0	-0.0061043956043955825	0.0	0.0	0.0	
195	0.0	-0.020754945054944844	0.0	0.0	0.0	
196	0.0	-0.015871428571428647	0.0	0.0	0.0	
197	0.0	-0.008546153846153681	0.0	0.0	0.0	
198	0.0	0.003662637362637484	0.0	0.0	0.0	
199	0.0	-0.015871428571428647	0.0	0.0	0.0	
200	50.0	0.008546153846153681	0.0	0.0	0.0	
201	50.0	-0.0061043956043955825	0.0383495361328125	1.9174768066406251	95.87384033203125	
202	50.0	-0.01098791208791178	0.17640786621093751	8.065925007997729	373.48189150993187	
203	50.0	-0.01098791208791178	0.41110702734375004	16.627189005759803	687.8611117693504	
204	50.0	0.0061043956043955825	0.7455149824218751	26.80529794454476	994.6968225187369	
205	50.0	0.7654912087912079	1.1719618242187502	37.58057757735864	1252.6424847588987	
206	50.0	1.37348901098901	1.6950494970703127	48.948156771813736	1483.154438509963	
207	50.0	1.8569571428571432	2.3117100380859377	60.52158567536098	1680.147584124126	
208	50.0	2.1890362637362633	3.0234774287109376	72.29656781442105	1857.444793247331	
209	50.0	2.425886813186813	3.831885650390625	84.27049724596857	2023.4968663400186	
210	50.0	2.6041351648351645	4.727730814453126	95.90489987975911	2156.6253169716815	
211	50.0	2.7457571428571432	5.717148846679688	107.64016538438716	2290.4036108354103	
212	50.0	2.833660439560439	6.8032077099609385	119.59000545879712	2430.6776706704863	
213	50.0	2.8971461538461534	7.9828394414062505	131.5165934475766	2563.885339227204	
214	50.0	2.9557483516483507	9.256044041015626	143.42907833313615	2693.168565465786	
215	50.0	3.0167923076923078	10.619753545898439	155.1796111094322	2812.6208753878363	
216	50.0	2.9997000000000003	12.077035918945313	166.98531310791918	2936.298492347448	
217	50.0	3.036326373626374	13.629425141601564	178.90117600431137	3065.5160290589965	
218	50.0	3.0631857142857135	15.267717325195314	190.42366043100492	3173.3711115971764	
219	50.0	3.0460934065934064	16.942825063476565	199.25317843597782	3151.6672364506467	
220	50.0	3.0729527472527476	18.604126968750002	203.91826031148776	2966.7006594174536	
221	50.0	3.0729527472527476	20.219409430664065	204.44680340790785	2666.9279771094534	
222	50.0	2.914238461538461	21.784070504882813	202.23631162480422	2350.33499807265	
223	50.0	2.218337362637362	23.298110191406252	198.3645111641431	2066.128549375271	
224	50.0	1.4565087912087908	24.77380034179688	194.0986686060619	1858.0764195727197	
225	50.0	0.7337483516483513	26.221878826171878	190.1307209340498	1729.185755889962	
226	50.0	0.20632857142857175	27.65308351464844	186.88034915457501	1670.521733300663	
227	50.0	-0.1330758241758241	29.068948388671878	184.14190823867716	1647.1298714949444	
228	50.0	-0.2893483516483518	30.47407539257813	181.94406631241873	1648.6766353424046	
229	50.0	-0.30155714285714297	31.87613443359375	180.4576096182168	1676.118572623216	
230	50.0	-0.30155714285714297	33.27665949316407	179.479328962105	1712.040532636056	
231	50.0	-0.19900329670329678	34.674116589843756	178.73257358972796	1741.369433066131	
232	50.0	-0.15260989010989023	36.06543776074219	177.9728472597153	1755.429605666579	
233	50.0	-0.008546153846153681	37.46136087597657	177.7421471518585	1787.2751838644926	
234	50.0	0.023196703296702943	38.858817972656254	177.67891953171193	1814.0125548220003	
235	50.0	0.06714835164835141	40.253207106445316	177.48717189597937	1823.5427934564868	
236	50.0	0.11354175824175797	41.64913022167969	177.4475701450874	1836.139564343237	
237	50.0	0.17214395604395635	43.049655281250004	177.65364768513837	1855.9005106931472	
238	50.0	0.20632857142857175	44.45324830371094	177.93203817938206	1872.351790845456	
239	50.0	0.228304395604396	45.853773363281256	177.94749240956662	1870.331466745988	
240	50.0	0.25028021978022025	47.257366385742195	178.1102640187819	1876.5356915382054	
241	50.0	0.2893483516483518	48.66249338964844	178.28568906524788	1881.6028034817455	
242	50.0	0.2869065934065937	50.06608641210938	178.31539066503456	1878.1135692981134	
243	50.0	0.3039989010989011	51.47121341601563	178.4101046687024	1879.3703727262837	
244	50.0	0.31132417582417604	52.87634041992188	178.46755161738974	1878.6599786199895	
245	50.0	0.2966736263736261	54.28146742382813	178.50239495402184	1877.3358748168166	
246	50.0	0.294231868131868	55.68352646484375	178.3701303620187	1868.3210878411492	
247	50.0	0.294231868131868	57.08865346875	178.44330597412682	1872.5797987088981	
248	50.0	0.2966736263736261	58.493780472656255	178.48768922761928	1874.0250485209062	
249	50.0	0.2917901098901099	59.90044145800782	178.59130810463694	1878.046486566409	
250	50.0	0.2771395604395607	61.30096651757813	178.34735984311828	1863.534654101396	
251	50.0	0.30155714285714297	62.70762750292969	178.5061940281671	1873.8656864330596	
252	50.0	0.3186494505494503	64.11428848828126	178.60253183382565	1877.6621021370574	
253	50.0	0.26493076923076947	65.5178815107422	178.5075655237024	1870.796905471212	
254	50.0	0.27958131868131875	66.91994055175782	178.37326647114241	1864.2746064702933	
255	50.0	0.2893483516483518	68.32506755566406	178.44520812051678	1870.076721064328	
256	50.0	0.28446483516483495	69.73019455957032	178.48884293775563	1872.4772791544965	
257	50.0	0.27469780219780254	71.13378758203126	178.43860972069479	1869.4198709941593	
258	50.0	0.2624890109890114	72.53431264160157	178.25474358905058	1860.676615436957	
259	50.0	0.2771395604395607	73.94097362695314	178.45001942896488	1873.572264874193	
260	50.0	0.2722560439560438	75.34303266796876	178.33836299939048	1866.8527166678732	
261	50.0	0.2698142857142857	76.7466256904297	178.34733902192556	1868.348175572054	
262	50.0	0.2820230769230768	78.15175269433594	178.42948232720846	1872.9506049955799	
263	50.0	0.2869065934065937	79.5568796982422	178.47930476170677	1874.4648942766871	
264	50.0	0.28446483516483495	80.95893873925782	178.3561254520614	1866.9387735969813	
265	50.0	0.2991153846153849	82.36559972460938	178.51151063888665	1875.7940951098117	
266	50.0	0.30155714285714297	83.77226070996095	178.60575652132002	1878.7490745286323	
267	50.0	0.30155714285714297	85.17585373242188	178.50952139559013	1871.4060477257208	
268	50.0	0.2722560439560438	86.5763787919922	178.29775369517483	1860.7787049662666	
269	50.0	0.30155714285714297	87.98150579589844	178.3994073054464	1869.1304784974864	
270	50.0	0.31132417582417604	89.38816678125	178.53776241068863	1876.4504528416583	
271	50.0	0.2698142857142857	90.79022582226563	178.3915818094265	1867.2341326688056	
272	50.0	0.2917901098901099	92.19075088183594	178.22621971823355	1860.0821231169048	
273	50.0	0.2893483516483518	93.5974118671875	178.43271882631052	1873.6551974536424	
274	50.0	0.2917901098901099	95.00100488964844	178.40456872542836	1871.006974102448	
275	50.0	0.27469780219780254	96.40459791210938	178.3874948257071	1869.8384441573708	
276	50.0	0.2820230769230768	97.80665695312501	178.3004399094989	1865.560219008029	
277	50.0	0.2991153846153849	99.21331793847656	178.4777356491013	1875.8237997927154	
278	50.0	0.27958131868131875	100.6153769794922	178.35517373713265	1867.7873892111147	
279	50.0	0.28446483516483495	102.01897000195314	178.35753525005748	1868.6536972587983	
280	50.0	0.30644065934065917	103.4256309873047	178.5123657246204	1876.8123283278283	
281	50.0	0.294231868131868	104.82922400976564	178.4528770125171	1871.6834614738518	
282	50.0	0.2893483516483518	106.23128305078126	178.34009621147652	1865.6626676249462	
283	50.0	0.2820230769230768	107.63794403613282	178.50178841275647	1875.2693322743198	
284	50.0	0.2991153846153849	109.04460502148439	178.5998596929321	1878.5819581911255	
285	50.0	0.2917901098901099	110.44973202539063	178.5826438605427	1875.2313284375787	
286	50.0	0.2869065934065937	111.85179106640626	178.41880378555288	1865.7968460776374	
287	50.0	0.3039989010989011	113.25845205175783	178.54952697088265	1874.126911582901	
288	50.0	0.28446483516483495	114.66357905566407	178.55211552060427	1873.3118166919312	
289	50.0	0.27469780219780254	116.06717207812501	178.47698648315236	1868.9422343224223	
290	50.0	0.27469780219780254	117.46923111914063	178.3547193450031	1863.6251572439023	
291	50.0	0.27469780219780254	118.8758921044922	178.51065779182318	1873.806148343463	
292	50.0	0.2600472527472526	120.27795114550783	178.37514202661896	1866.0517236944315	
293	50.0	0.2771395604395607	121.68154416796877	178.3696466301799	1867.2904810277532	
294	50.0	0.27958131868131875	123.08513719042969	178.36631350366224	1868.127271871468	
295	50.0	0.27958131868131875	124.49179817578126	178.5176900047145	1876.3565443503567	
296	50.0	0.2820230769230768	125.8953911982422	178.45610635172307	1871.3242286335972	
297	50.0	0.2991153846153849	127.30051820214845	178.49545304930052	1873.0644769405426	
298	50.0	0.2966736263736261	128.7056452060547	178.5193180283868	1873.50819913551	
299	50.0	0.2893483516483518	130.11077220996094	178.53379287028838	1873.4062597719967	
300	50.0	0.294231868131868	131.51436523242188	178.4658732336684	1869.284411174578	
301	50.0	0.2624890109890114	132.92256019921876	178.65477510734127	1879.3453095425948	
302	50.0	0.2869065934065937	134.32922118457032	178.692650816246	1878.675412259101	
303	50.0	0.27469780219780254	135.73281420703125	178.5622254510472	1870.0102720213608	
304	50.0	0.34550879120879074	137.1348732480469	178.40641939383568	1862.9475958521425	
305	50.0	0.2966736263736261	138.54460219628908	178.69541360193125	1880.2612228986645	
306	50.0	0.2991153846153849	139.94972920019532	178.64060023758157	1874.764110582625	
307	50.0	0.2673725274725276	141.35332222265626	178.5306551783724	1868.44726877207	
308	50.0	0.2991153846153849	142.7553812636719	178.38727105500493	1862.4904645701336	
309	50.0	0.30155714285714297	144.16357623046875	178.60710047476732	1876.4467377872988	
310	50.0	0.30644065934065917	145.56870323437502	178.58703561684706	1873.823666688314	
311	50.0	0.2722560439560438	146.97229625683596	178.49816659273802	1868.7097233571176	
312	50.0	0.3039989010989011	148.3758892792969	178.44426480345282	1866.9897616901508	
313	50.0	0.3137659340659341	149.78255026464845	178.56496985928243	1874.4545646080778	
314	50.0	0.27958131868131875	151.1861432871094	178.48478303388492	1869.4354771480075	
315	50.0	0.294231868131868	152.59127029101563	178.51284633672003	1871.4730047917	
316	50.0	0.30155714285714297	153.9979312763672	178.60656666303203	1876.1074322705954	
317	50.0	0.3137659340659341	155.40305828027346	178.5867118436572	1873.62616758673	
318	50.0	0.2966736263736261	156.8066513027344	178.4979702143646	1868.5949683603267	
319	50.0	0.3137659340659341	158.21484626953125	178.6742429107444	1878.4280735416305	
320	50.0	0.2893483516483518	159.62150725488283	178.7044586362108	1877.8163805665772	
321	50.0	0.2869065934065937	161.02510027734377	178.56938725607415	1869.3056461603474	
322	50.0	0.30644065934065917	162.4286932998047	178.48746232055237	1866.243815181926	
323	50.0	0.30644065934065917	163.83688826660156	178.66786955080443	1877.1654115812507	
324	50.0	0.294231868131868	165.24201527050784	178.62389392562636	1873.3146814922193	
325	50.0	0.2966736263736261	166.64560829296877	178.52052228768662	1867.827907758885	
326	50.0	0.2966736263736261	168.04766733398438	178.3811251459647	1862.2723568544743	
327	50.0	0.3039989010989011	169.45586230078126	178.60337279240412	1876.4100099427633	
328	50.0	0.2966736263736261	170.8594553232422	178.50807559087662	1870.0243972950248	
329	50.0	0.28446483516483495	172.26458232714845	178.52697398706368	1871.4680328857694	
330	50.0	0.2869065934065937	173.6697093310547	178.5384364440797	1872.0497958038268	
331	50.0	0.31132417582417604	175.07483633496096	178.54538877588857	1872.2244260329926	
332	50.0	0.27958131868131875	176.4784293574219	178.47290650613468	1868.3872909726379	
333	50.0	0.294231868131868	177.88509034277345	178.58234193057433	1874.8568664426302	
334	50.0	0.2991153846153849	179.291751328125	178.6487178725638	1877.0792788627905	
335	50.0	0.2893483516483518	180.69534435058594	178.53557877300955	1869.7252703140994	
336	50.0	0.2893483516483518	182.09893737304688	178.46695643845123	1867.02400960264	
337	50.0	0.2966736263736261	183.50713233984376	178.6554321042713	1877.957464173247	
338	50.0	0.27469780219780254	184.91379332519531	178.69304930503677	1877.8234259906212	
339	50.0	0.27958131868131875	186.3189203291016	178.63916621898898	1873.322273826362	
340	50.0	0.2869065934065937	187.7209793701172	178.45308632983688	1863.7600941260816	
341	50.0	0.2869065934065937	189.12917433691408	178.64701945790875	1876.1934621010423	
342	50.0	0.2893483516483518	190.53430134082032	178.61124770468086	1873.0493571049283	
343	50.0	0.2673725274725276	191.93789436328126	178.5128519667469	1867.8636132500515	
344	50.0	0.2893483516483518	193.3414873857422	178.45317193328628	1866.2482308118542	
345	50.0	0.2869065934065937	194.74814837109378	178.57037230676724	1873.8663086882343	
346	50.0	0.26493076923076947	196.15020741210938	178.41136071174515	1865.1597269927934	
347	50.0	0.2624890109890114	197.55533441601565	178.4683134460265	1870.021256160705	
348	50.0	0.28446483516483495	198.9604614199219	178.50285702646033	1872.0843791626594	
349	50.0	0.2869065934065937	200.36558842382814	178.52380876765892	1872.7986172109158	
350	50.0	0.2576054945054945	201.76918144628908	178.4598175691517	1869.0710975921238	
351	50.0	0.062264835164835206	203.17584243164063	178.57440308877995	1875.4751326842697	
352	50.0	0.2893483516483518	204.5809694355469	178.56720364922148	1873.7427617220465	
353	50.0	0.27469780219780254	205.98609643945315	178.56283696827268	1872.8039678442128	
354	50.0	0.3039989010989011	207.3896894619141	178.4834893700572	1868.467503356169	
355	50.0	0.27958131868131875	208.79635044726564	178.58876076219167	1874.7409674561877	
356	50.0	0.27469780219780254	210.20301143261722	178.6526110908435	1876.909177792838	
357	50.0	0.27958131868131875	211.60507047363282	178.4612410570553	1865.7266105234048	
358	50.0	0.28446483516483495	213.00866349609376	178.42186833332926	1865.7545580033002	
359	50.0	0.294231868131868	214.41532448144534	178.5513857131191	1874.0536126951938	
360	50.0	0.2917901098901099	215.81891750390628	178.47654383252666	1869.4035039447926	
361	50.0	0.2771395604395607	217.22097654492188	178.35445086381878	1863.91181408178	
362	50.0	0.2893483516483518	218.62456956738282	178.35709680521904	1866.3142818282695	
363	50.0	0.27958131868131875	220.0312305527344	178.51209979437772	1875.4002183721896	
364	50.0	0.27469780219780254	221.43482357519534	178.45271571766716	1870.8311083492918	
365	50.0	0.27958131868131875	222.83841659765628	178.41669745346553	1868.9831508537436	
366	50.0	0.2869065934065937	224.24200962011722	178.39485127132684	1868.4223467683314	
367	50.0	0.2771395604395607	225.64713662402346	178.4582999639697	1872.256836227044	
368	50.0	0.2893483516483518	227.0507296464844	178.42008447015178	1869.7610705228471	
369	50.0	0.30888241758241725	228.45739063183595	178.55030374537455	1876.5114222771517	
370	50.0	0.3284164835164834	229.8625176357422	178.5525866581629	1874.7460177067933	
371	50.0	0.27958131868131875	231.26457667675783	178.40057317026913	1865.9698420225031	
372	50.0	0.2991153846153849	232.66970368066407	178.46177047120182	1870.6803485145992	
373	50.0	0.2991153846153849	234.07943262890626	178.728985728314	1884.0907347840712	
374	50.0	0.2893483516483518	235.4845596328125	178.66096276209464	1876.56482256637	
375	50.0	0.2966736263736261	236.88815265527344	178.5430056741352	1869.2228441176212	
376	50.0	0.2771395604395607	238.29327965917972	178.54816015408142	1870.4387473198067	
377	50.0	0.2991153846153849	239.69994064453127	178.62798557655333	1874.9310378275168	
378	50.0	0.294231868131868	241.1050676484375	178.59970307175718	1872.5796110342271	
379	50.0	0.2869065934065937	242.50866067089845	178.50584979273117	1867.7582024073981	
380	50.0	0.2820230769230768	243.9122536933594	178.448924899938	1866.2931709236263	
381	50.0	0.2991153846153849	245.31891467871097	178.56779635075873	1873.9596022853048	
382	50.0	0.2698142857142857	246.7240416826172	178.5631964599379	1872.9262725323697	
383	50.0	0.2893483516483518	248.12763470507815	178.48370741277904	1868.5360952569172	
384	50.0	0.294231868131868	249.5327617089844	178.51219393952488	1870.9442266440446	
385	50.0	0.2966736263736261	250.93788871289064	178.52947189184852	1871.9619024475032	
386	50.0	0.28446483516483495	252.34148173535158	178.46325242769672	1868.475549944159	
387	50.0	0.30155714285714297	253.74814272070316	178.57648643585708	1875.0605070253514	
388	50.0	0.2893483516483518	255.1532697246094	178.56846726312688	1873.4588851070084	
389	50.0	0.3039989010989011	256.55686274707034	178.4869043166018	1868.777186744528	
390	50.0	0.3039989010989011	257.96198975097656	178.5141329597609	1871.0407481830316	
391	50.0	0.30155714285714297	259.37018471777344	178.68404611164078	1879.6602036164559	
392	50.0	0.28446483516483495	260.7753117216797	178.6337055060103	1874.576324164629	
393	50.0	0.2991153846153849	262.17890474414065	178.52647331216758	1868.440574975426	
394	50.0	0.2991153846153849	263.5840317480469	178.538132769394	1870.2213345767905	
395	50.0	0.2966736263736261	264.9906927333985	178.62190366013783	1874.955083582131	
396	50.0	0.2869065934065937	266.3958197373047	178.596014202878	1872.6887616924487	
397	50.0	0.28446483516483495	267.79941275976563	178.50361238060032	1867.8817629135556	
398	50.0	0.27469780219780254	269.2045397636719	178.52426691312394	1870.2378567266433	
399	50.0	0.27958131868131875	270.61120074902345	178.6134935929531	1875.1807014430806	
400	0.0	0.27958131868131875	272.0147937714844	178.51421416687117	1869.1214182270915	
401	0.0	0.2698142857142857	273.4137848496094	178.22390093264585	1855.4850867719633	
402	0.0	0.2820230769230768	274.8051060205078	177.66432168905885	1832.5534719649213	
403	0.0	0.27469780219780254	276.1826213583985	176.63462806168172	1792.8309168624746	
404	0.0	0.24295494505494525	277.5524667890625	175.6265919282814	1765.5736447566806	
405	0.0	0.1916780219780225	278.9146423125	174.63169172935886	1745.5402023138122	
406	0.0	0.16970219780219825	280.2660799658203	173.49136073310365	1722.0140796313135	
407	0.0	0.12086703296703226	281.60371178613286	172.10942335249092	1690.9608984727965	
408	0.0	0.0720318681318676	282.93520768066406	170.96443964952414	1678.2737696973682	
409	0.0	0.045172527472527174	284.25903366796877	169.8864765486269	1669.2069290481459	
410	0.0	0.020754945054944844	285.5721217851563	168.69576535428132	1653.6239106915573	
411	0.0	0.03052197802197791	286.87140406933594	167.28327083803924	1628.1718148489726	
412	0.0	0.01098791208791178	288.1630164462891	166.04305422267498	1615.522087649968	
413	0.0	0.01098791208791178	289.45002687890627	165.0607275835573	1615.628591749849	
414	0.0	-0.003662637362637484	290.72323147851563	163.77462469251077	1596.452554154307	
415	0.0	-0.0012208791208793855	291.98723218945315	162.53436940277425	1581.8092639794659	
416	0.0	0.003662637362637484	293.2389610488282	161.16852394512716	1561.5324442507272	
417	0.0	-0.008546153846153681	294.4860879638672	160.10999955934676	1558.9662536585593	
418	0.0	0.003662637362637484	295.7224770087891	158.931078542033	1547.0238313426407	
419	0.0	-0.003662637362637484	296.9481281835938	157.67913327437236	1531.2664534428213	
420	0.0	-0.0061043956043955825	298.1630414882813	156.38289655877634	1514.3306234381134	
421	0.0	-0.015871428571428647	299.3702848857422	155.2131938658422	1505.0386097600267	
422	0.0	-0.0061043956043955825	300.56832439453126	154.04353886697754	1494.5804062373636	
423	0.0	-0.0012208791208793855	301.7540920517578	152.7205146514916	1475.7442239899638	
424	0.0	-0.0061043956043955825	302.93218980175783	151.534564518146	1465.7161004002483	
425	0.0	-0.008546153846153681	304.1026176445313	150.43175402052475	1458.899004564456	
426	0.0	-0.0061043956043955825	305.2623076171875	149.22597211784523	1445.0668712991192	
427	0.0	0.008546153846153681	306.4112597197266	147.95773489923158	1428.5809788105898	
428	0.0	-0.003662637362637484	307.5510079335938	146.72831568787478	1415.2915553723406	
429	0.0	-0.01342967032967055	308.6846202216797	145.6758389332299	1411.0072243787026	
430	0.0	-0.008546153846153681	309.8090286210938	144.57728506197964	1401.7636177388777	
431	0.0	0.0012208791208793855	310.924233131836	143.45078400603052	1390.2284996477047	
432	0.0	0.0012208791208793855	312.0256318095703	142.07723490847093	1366.2331923901047	
433	0.0	0.0012208791208793855	313.11782659863286	140.78394081196348	1350.026546139069	
434	0.0	0.01342967032967055	314.20695342480474	139.84612012456637	1352.6359115805035	
435	0.0	-0.0012208791208793855	315.2853423808594	138.74040960305683	1341.955831676979	
436	0.0	0.01342967032967055	316.3545274482422	137.6095678191832	1329.660725419315	
437	0.0	-0.015871428571428647	317.4099066826172	136.23338593697554	1305.2719548987625	
438	0.0	-0.008546153846153681	318.4576160097657	135.0151940480846	1292.702551220831	
439	0.0	-0.003662637362637484	319.4991894111328	133.96952700893598	1288.6803635197493	
440	0.0	-0.01098791208791178	320.53155892382813	132.87510343902431	1279.4898722950184	
441	0.0	-0.0061043956043955825	321.5531905664063	131.67440846528007	1264.0877957150205	
442	0.0	-0.01342967032967055	322.5656183203125	130.48595569737518	1250.4055426959749	
443	0.0	0.0061043956043955825	323.5688421855469	129.3049282028569	1237.576064481198	
444	0.0	-0.020754945054944844	324.5643961435547	128.20510343669957	1228.9833202723894	
445	0.0	-0.0061043956043955825	325.552280194336	127.15453061627159	1221.697684646464	
446	0.0	-0.015871428571428647	326.5263584121094	125.82703432273047	1199.0992300500811	
447	0.0	0.0012208791208793855	327.4943007041016	124.7150708091176	1190.6936616851963	
448	0.0	-0.020754945054944844	328.4545730888672	123.65713546599181	1183.7102962456665	
449	0.0	-0.015871428571428647	329.40564158496096	122.55527079337662	1172.9145166213439	
450	0.0	-0.0061043956043955825	330.34904017382814	121.50346070710657	1164.3243904216351	
451	0.0	-0.025638461538461714	331.2801669111328	120.25191304614782	1144.7889138207129	
452	0.0	-0.018313186813186746	332.199021796875	118.87921841894422	1121.7204151572123	
453	0.0	-0.0061043956043955825	333.1132747382813	117.81653980172632	1117.5674816476485	
454	0.0	-0.008546153846153681	334.0213917539063	116.86519633239368	1116.2321050038408	
455	0.0	-0.015871428571428647	334.9203048808594	115.82798290107166	1107.2046339239369	
456	0.0	-0.020754945054944844	335.81001411914065	114.738686703633	1094.846841790234	
457	0.0	-0.003662637362637484	336.6889854873047	113.54110163857695	1077.4439758384342	
458	0.0	-0.018313186813186746	337.554151022461	112.12443790890029	1050.994966670476	
459	0.0	-0.025638461538461714	338.41471461328126	111.03509068223138	1045.4753142234795	
460	0.0	-0.025638461538461714	339.2691422783203	110.0675718831626	1043.725644039414	
461	0.0	-0.01098791208791178	340.1159000361328	109.09724669043499	1038.5333509177572	
462	0.0	-0.020754945054944844	340.9534539052735	108.04852026157823	1027.461683664782	
463	0.0	-0.015871428571428647	341.7802699042969	106.87554200569139	1010.2080828992393	
464	0.0	-0.01342967032967055	342.5963480332031	105.62720120513768	991.1369098579826	
465	0.0	-0.01342967032967055	343.4032222734375	104.40984978168854	975.9700701173633	
466	0.0	-0.020754945054944844	344.20396058789066	103.36469251060771	970.3593895815438	
467	0.0	-0.03052197802197791	344.99856297656254	102.42397627520404	967.8674096963396	
468	0.0	-0.0061043956043955825	345.7824274951172	101.31650951498887	954.1382295009389	
469	0.0	-0.028080219780219812	346.557088125	100.18460251847864	940.0210576908298	
470	0.0	-0.01342967032967055	347.322544866211	99.03787176891638	926.0485720782244	
471	0.0	0.0061043956043955825	348.08033170019536	97.95884903065962	916.2292874601094	
472	0.0	-0.0012208791208793855	348.8273806640625	96.76749513375034	900.2063647858376	
473	0.0	-0.020754945054944844	349.5682937021485	95.73810616002811	893.6722147655828	
474	0.0	-0.003662637362637484	350.3030708144532	94.80695388068489	890.3749450668629	
475	0.0	-0.003662637362637484	351.0255760751953	93.62858888094706	872.1736707645555	
476	0.0	0.0012208791208793855	351.73734346582035	92.3769808550096	852.6114617618023	
477	0.0	0.015871428571428647	352.4445089121094	91.38774497593113	848.7024557430714	
478	0.0	-0.008546153846153681	353.1424704697266	90.32754863569426	838.7031789337643	
479	0.0	0.003662637362637484	353.8327621201172	89.30101167122848	829.9482658286274	
480	0.0	0.0012208791208793855	354.5169178447266	88.37158922299204	825.2596900285212	
481	0.0	0.0012208791208793855	355.1934036621094	87.42437063567559	817.6925100315711	
482	0.0	0.01098791208791178	355.86068559082037	86.38965907183228	804.8211223093786	
483	0.0	-0.015871428571428647	356.51262770507816	84.99508404470544	774.7531614616287	
484	0.0	-0.01342967032967055	357.1553659306641	83.68903707691788	755.1901913503493	
485	0.0	-0.0012208791208793855	357.7935022119141	82.66678230962134	752.1271809483301	
486	0.0	-0.0061043956043955825	358.42550256738286	81.7399571453243	750.8243359492362	
487	0.0	-0.020754945054944844	359.0513669970703	80.87101296265973	749.1052746507544	
488	0.0	-0.01098791208791178	359.66956151953127	79.96047629866734	742.398835132758	
489	0.0	0.03784725274725288	360.28162011621095	79.10141159110572	737.1490622508818	
490	0.0	-0.0012208791208793855	360.8844748242188	78.12016805954772	724.3125707906088	
491	0.0	-0.020754945054944844	361.47505768066407	76.91142117872369	701.1043219956273	
492	0.0	0.003662637362637484	362.0533686855469	75.56468653765842	675.1426758927605	
493	0.0	0.0012208791208793855	362.6209418203125	74.21095715930642	653.4915000387173	
494	0.0	-0.015871428571428647	363.18391301074223	73.15978154728873	649.903330462907	
495	0.0	0.0012208791208793855	363.7438162382813	72.3688131480194	656.4015503960304	
496	0.0	-0.008546153846153681	364.2960495585938	71.50557118865254	653.466718407592	
497	0.0	-0.01342967032967055	364.8406129716797	70.59849309800484	645.9342142515875	
498	0.0	-0.0012208791208793855	365.3790404589844	69.74152612126636	640.1296313492467	
499	0.0	0.0012208791208793855	365.90979803906254	68.83825400007481	630.7589671230367	
500	0.0	-0.0061043956043955825	366.4313517304688	67.83019731603781	616.110398473586	
501	0.0	-0.023196703296702943	366.94216755175785	66.68188650798766	596.0549337736866	
502	0.0	-0.023196703296702943	367.4391775400391	65.29510912672049	567.2308892104388	
503	0.0	-0.01098791208791178	367.92851762109376	64.07049074261886	552.1361024866183	
504	0.0	-0.01098791208791178	368.41172177636724	63.02092583699414	546.6821164382591	
505	0.0	-0.0061043956043955825	368.8887900058594	62.07753623602548	544.3537097541403	
506	0.0	-0.023196703296702943	369.36125629101565	61.27524428664765	546.1051236570115	
507	0.0	-0.028080219780219812	369.82758665039063	60.48183331903783	544.3022288092243	
508	0.0	-0.01098791208791178	370.2862471025391	59.61710986703474	536.3704949327484	
509	0.0	-0.015871428571428647	370.73416968457036	58.55573506111614	518.1603446207682	
510	0.0	-0.008546153846153681	371.17442235937506	57.52848332107169	504.44360852130694	
511	0.0	0.008546153846153681	371.6085391083985	56.59862733952832	496.7566487293325	
512	0.0	0.0012208791208793855	372.03498595019533	55.65114580095906	487.3775977613677	
513	0.0	-0.025638461538461714	372.450694921875	54.53957567683756	469.57638966236664	
514	0.0	-0.04028901098901098	372.85873398632816	53.48187893651266	456.8881637888794	
515	0.0	-0.020754945054944844	373.2575691621094	52.38015898381127	442.62850133367874	
516	0.0	-0.018313186813186746	373.6502684121094	51.40513574686702	435.77012733827587	
517	0.0	-0.015871428571428647	374.03683173632817	50.506957954614336	431.4308868471312	
518	0.0	-0.015871428571428647	374.41879311621096	49.73208835414698	431.2596814533099	
519	0.0	-0.003662637362637484	374.79461857031254	48.955309882370784	427.86427589932214	
520	0.0	-0.003662637362637484	375.16277411718755	48.10067454932141	418.7080209828305	
521	0.0	-0.003662637362637484	375.5217257753907	47.12211756927718	403.43325711532066	
522	0.0	-0.0012208791208793855	375.8684055820313	45.915000164364756	378.704348802853	
523	0.0	-0.01342967032967055	376.2043475185547	44.64595292267404	355.6299933609623	
524	0.0	0.015871428571428647	376.5326195478516	43.49274147973847	342.1920134885213	
525	0.0	-0.003662637362637484	376.8547556513672	42.486487074424076	336.6326432641572	
526	0.0	-0.0061043956043955825	377.1722898105469	41.64606569274838	337.4018475100702	
527	0.0	0.0012208791208793855	377.48368804394534	40.82952805478999	335.5960772144915	
528	0.0	-0.015871428571428647	377.7889503515625	40.02747664004346	331.85714361555665	
529	0.0	0.0012208791208793855	378.08807673339845	39.234211564064026	326.7204445732541	
530	0.0	-0.01342967032967055	378.37953320800784	38.369576599816355	316.7643877527694	
531	0.0	-0.01342967032967055	378.66485375683595	37.538352681236574	308.8299084433079	
532	0.0	0.0012208791208793855	378.9425043984375	36.650694514515635	297.7671244489677	
533	0.0	-0.008546153846153681	379.21555309570317	35.88220538964379	293.354316687944	
534	0.0	0.0061043956043955825	379.48246586718756	35.10929687204043	287.2870407905875	
535	0.0	-0.0061043956043955825	379.7463106757813	34.48710600169579	287.95490245474207	
536	0.0	-0.0061043956043955825	380.0024855771485	33.72623279106483	278.8595004774488	
537	0.0	-0.01098791208791178	380.2540585341797	33.03464263133719	273.6686232445845	
538	0.0	-0.0012208791208793855	380.4964276025391	32.154977550519106	258.26383467820824	
539	0.0	0.0012208791208793855	380.7280588007813	31.084540188381652	235.75337103638185	
540	0.0	-0.0012208791208793855	380.94741814746095	29.821694513182592	208.0644135255227	
541	0.0	0.0012208791208793855	381.1529716611328	28.365448221517	176.3912949083724	
542	0.0	-0.01098791208791178	381.3462533232422	26.86859759541767	149.1437509408911	
543	0.0	0.0012208791208793855	381.5257291523438	25.270420122644282	121.37684660819696	
544	0.0	-0.020754945054944844	381.69753507421876	23.91758109809234	110.21025408692958	
545	0.0	-0.01342967032967055	381.8632050703125	22.790246440712508	109.13250843184937	
546	0.0	0.003662637362637484	382.0242731220703	21.876386171883496	114.50260148410246	
547	0.0	-0.015871428571428647	382.1792052480469	21.015305596043618	116.62929395431036	
548	0.0	-0.0061043956043955825	382.32953542968755	20.262936595328938	119.80306007434547	
549	0.0	-0.0012208791208793855	382.4752636669922	19.576504499789735	121.92157986785367	
550	0.0	-0.01342967032967055	382.6179239414063	19.00676423220284	126.20977784850493	
551	0.0	-0.0012208791208793855	382.7559822714844	18.431102065656887	126.16458705749801	
552	0.0	-0.01342967032967055	382.8894386572266	17.851848085734673	123.58314114472148	
553	0.0	0.01342967032967055	383.01829309863285	17.270415560808033	119.51922688969125	
554	0.0	-0.01098791208791178	383.14254559570315	16.687661681517056	114.59002375086493	
555	0.0	-0.01342967032967055	383.2621961484375	16.104106360275182	109.15654176323869	
556	0.0	-0.020754945054944844	383.37877873828126	15.596764012163476	107.26461421443287	
557	0.0	-0.018313186813186746	383.4892254023438	14.982249025644705	98.6658247236362	
558	0.0	-0.020754945054944844	383.593536140625	14.302730546281964	87.66551780430098	
559	0.0	-0.01098791208791178	383.6932449345703	13.66048452672112	80.05429327624665	
560	0.0	-0.015871428571428647	383.7883517841797	13.040845397415978	73.91911119098734	
561	0.0	-0.01098791208791178	383.87732270800785	12.358218968256551	64.49273172897733	
562	0.0	-0.01098791208791178	383.9601577060547	11.63738880953315	54.04951359278607	
563	0.0	-0.025638461538461714	384.03839075976566	10.970085989163636	47.41852529046423	
564	0.0	-0.008546153846153681	384.11048788769534	10.258550069251214	38.43253475158406	
565	0.0	-0.0061043956043955825	384.1779830712891	9.59688448981251	32.54088593433772	
566	0.0	-0.01342967032967055	384.2393423291016	8.88876772945514	23.915675448745617	
567	0.0	-0.018313186813186746	384.2976336240235	8.305875047444715	22.02464077294684	
568	0.0	-0.020754945054944844	384.3513229746094	7.722235538090899	18.436059365423375	
569	0.0	0.0012208791208793855	384.40194436230473	7.214842127308657	17.664429632613576	
570	0.0	0.01098791208791178	384.4464298242188	6.600296169715875	9.745929094173164	
571	0.0	-0.0012208791208793855	384.4878473232422	6.074157049966743	6.828627080489639	
572	0.0	-0.0012208791208793855	384.5231288964844	5.448241244856035	-2.0998172583270502	
573	0.0	-0.015871428571428647	384.555342506836	4.915205963807239	-5.452894302406662	
574	0.0	0.003662637362637484	384.5829541728516	4.361806497578073	-10.703469295148437	
575	0.0	0.018313186813186746	384.6074978759766	3.8727546005975455	-12.95334385605895	
576	0.0	0.0012208791208793855	384.62743963476566	3.3460324060361017	-18.21867914681542	
577	0.0	0.0012208791208793855	384.6427794492188	2.796462020411127	-24.727258002679832	
578	0.0	0.0061043956043955825	384.6550513007813	2.309732578276453	-27.799687897159885	
579	0.0	-0.0012208791208793855	384.6611872265625	1.707719951558829	-37.43499310317442	
580	0.0	-0.0012208791208793855	384.6642551894532	1.1891826814789965	-41.58846738403963	
581	0.0	0.003662637362637484	384.66272120800784	0.6445767036384495	-47.5499337373824	
582	0.0	0.018313186813186746	384.66272120800784	0.390955543898599	-38.862852589754425	
583	0.0	0.0061043956043955825	384.6611872265625	0.16042745813319925	-33.485334131068726	
584	0.0	0.0012208791208793855	384.6596532451172	0.02060510240335134	-26.639281685010324	
585	0.0	0.0012208791208793855	384.6596532451172	0.012497626696131192	-16.47792502675487	
586	0.0	-0.020754945054944844	384.6581192636719	-0.06911887829846819	-14.023643038867952	
587	0.0	-0.01342967032967055	384.6581192636719	-0.04192272000364028	-7.431057846690799	
588	0.0	-0.0012208791208793855	384.6581192636719	-0.025427415708691115	-3.8553188359532515	
589	0.0	-0.020754945054944844	384.6581192636719	-0.01542250764396158	-1.9430047245707067	
590	0.0	-0.03052197802197791	384.6581192636719	-0.009354223991977051	-0.9386913230080001	
591	0.0	-0.01342967032967055	384.6581192636719	-0.005673623807524564	-0.4238986347244817	
592	0.0	-0.015871428571428647	384.6581192636719	-0.003441226879658643	-0.16888979269712198	
593	0.0	-0.0061043956043955825	384.6581192636719	-0.0020872096611128654	-0.048930078969822634	
594	0.0	-0.020754945054944844	384.6581192636719	-0.0012659566964430269	0.002775897623177981	
595	0.0	-0.020754945054944844	384.6581192636719	-0.0007678415713598952	0.02136770555449674	
596	0.0	-0.015871428571428647	384.6581192636719	-0.0004657194695028011	0.024899142016775636	
597	0.0	-0.01342967032967055	384.6581192636719	-0.0002824731382133905	0.022343447171043154	
598	0.0	-0.0012208791208793855	384.6581192636719	-0.00017132863285951316	0.017944088651732238	
599	0.0	-0.01098791208791178	384.6581192636719	-0.00010391606338089332	0.013547585856188028	
600	0.0	-0.03052197802197791	384.6581192636719	-6.30282775091473e-05	0.009832791036910255	
601	0.0	-0.028080219780219812	384.6581192636719	-3.822857979685068e-05	0.006943900198536659	
602	0.0	-0.023196703296702943	384.6581192636719	-2.3186803446151316e-05	0.004806095079122501	
603	0.0	0.0012208791208793855	384.6581192636719	-1.4063509297557175e-05	0.003275569724110661	
604	0.0	-0.020754945054944844	384.6581192636719	-8.529950719093904e-06	0.0022054033753130136	
605	0.0	-0.020754945054944844	384.6581192636719	-5.173678800929338e-06	0.001470274757537855	
606	0.0	-0.020754945054944844	384.6581192636719	-3.1379931897390634e-06	0.0009722110394280294	
607	0.0	-0.0061043956043955825	384.6581192636719	-1.9032922864425927e-06	0.0006384675838950363	
608	0.0	-0.015871428571428647	384.6581192636719	-1.1544107110239565e-06	0.0004168438285390353	
609	0.0	-0.015871428571428647	384.6581192636719	-7.001872290857136e-07	0.0002707781447844586	
610	0.0	-0.0012208791208793855	384.6581192636719	-4.24675818067044e-07	0.0001751226426324158	
611	0.0	0.0012208791208793855	384.6581192636719	-2.5758345145732164e-07	0.00011282024238305435	
612	0.0	-0.018313186813186746	384.6581192636719	-1.562329998705536e-07	7.243403297833324e-05	
613	0.0	-0.0061043956043955825	384.6581192636719	-9.475843398831785e-08	4.6362817213068017e-05	
614	0.0	-0.01342967032967055	384.6581192636719	-5.7483703130856156e-08	2.9593463911353484e-05	
615	0.0	-0.023196703296702943	384.6581192636719	-3.4862750908359885e-08	1.8843224969247216e-05	
616	0.0	-0.008546153846153681	384.6581192636719	-2.1140294848009944e-08	1.1971290516988732e-05	
617	0.0	-0.01098791208791178	384.6581192636719	-1.2816599337384105e-08	7.5899510545294564e-06	
618	0.0	-0.0012208791208793855	384.6581192636719	-7.777998689562082e-09	4.80265497184032e-06	
619	0.0	-0.018313186813186746	384.6581192636719	-4.71482053399086e-09	3.0339898050819977e-06	
620	0.0	-0.015871428571428647	384.6581192636719	-2.863089321181178e-09	1.9133341615785863e-06	
621	0.0	-0.015871428571428647	384.6581192636719	-1.7316779121756554e-09	1.2051988829737881e-06	
622	0.0	0.003662637362637484	384.6581192636719	-1.051375875249505e-09	7.578582965662407e-07	
623	0.0	-0.0061043956043955825	384.6581192636719	-6.402842700481415e-10	4.7586595239684607e-07	
624	0.0	-0.015871428571428647	384.6581192636719	-3.92901711165905e-10	2.982916513715711e-07	
625	0.0	-0.01342967032967055	384.6581192636719	-2.3283064365386963e-10	1.8726602582724945e-07	
626	0.0	-0.0012208791208793855	384.6581192636719	-1.4551915228366852e-10	1.1694840325655006e-07	
627	0.0	-0.020754945054944844	384.6581192636719	-8.731149137020111e-11	7.327464539926426e-08	
628	0.0	-0.008546153846153681	384.6581192636719	-8.731149137020111e-11	4.4443320220875864e-08	
629	0.0	-0.008546153846153681	384.6581192636719	-8.731149137020111e-11	2.6956237065258376e-08	
630	0.0	-0.020754945054944844	384.6581192636719	-8.731149137020111e-11	1.634978469446336e-08	
631	0.0	-0.015871428571428647	384.6581192636719	-8.731149137020111e-11	9.916645966132589e-09	
632	0.0	-0.03052197802197791	384.6581192636719	-8.731149137020111e-11	6.014749983277468e-09	
633	0.0	-0.025638461538461714	384.6581192636719	-8.731149137020111e-11	3.648130374411779e-09	
634	0.0	-0.020754945054944844	384.6581192636719	-8.731149137020111e-11	2.212702982785288e-09	
635	0.0	-0.023196703296702943	384.6581192636719	-8.731149137020111e-11	1.3420722363345788e-09	
636	0.0	-0.015871428571428647	384.6581192636719	-8.731149137020111e-11	8.140079809866051e-10	
637	0.0	-0.015871428571428647	384.6581192636719	-8.731149137020111e-11	4.937208111238369e-10	
638	0.0	-0.018313186813186746	384.6581192636719	-8.731149137020111e-11	2.994568174151495e-10	
639	0.0	-0.023196703296702943	384.6581192636719	-8.731149137020111e-11	1.8162974595356298e-10	
640	0.0	-0.025638461538461714	384.6581192636719	-8.731149137020111e-11	1.1016401262764079e-10	
641	0.0	-0.01098791208791178	384.6581192636719	-8.731149137020111e-11	6.681785306976126e-11	
642	0.0	-0.023196703296702943	384.6581192636719	-8.731149137020111e-11	4.052707760330568e-11	
643	0.0	-0.01098791208791178	384.6581192636719	-8.731149137020111e-11	2.4580915782337884e-11	
644	0.0	-0.018313186813186746	384.6581192636719	-8.731149137020111e-11	1.4909079470590283e-11	
645	0.0	-0.023196703296702943	384.6581192636719	-8.731149137020111e-11	9.042814052519647e-12	
646	0.0	-0.008546153846153681	384.6581192636719	-8.731149137020111e-11	5.484744121844184e-12	
647	0.0	-0.020754945054944844	384.6581192636719	-8.731149137020111e-11	3.326665560896863e-12	
648	0.0	-0.01098791208791178	384.6581192636719	-8.731149137020111e-11	2.0177247120750322e-12	
649	0.0	-0.015871428571428647	384.6581192636719	-8.731149137020111e-11	1.223811933961855e-12	
650	0.0	-0.018313186813186746	384.6581192636719	-8.731149137020111e-11	7.422794798228835e-13	
651	0.0	-0.0012208791208793855	384.6581192636719	-8.731149137020111e-11	4.502152748118986e-13	
652	0.0	-0.03296373626373601	384.6581192636719	-8.731149137020111e-11	2.7306937505746463e-13	
653	0.0	0.0061043956043955825	384.6581192636719	-8.731149137020111e-11	1.6562495269960156e-13	
654	0.0	-0.008546153846153681	384.6581192636719	-8.731149137020111e-11	1.0045661455118317e-13	
655	0.0	-0.020754945054944844	384.6581192636719	-8.731149137020111e-11	6.093001835173034e-14	
656	0.0	-0.028080219780219812	384.6581192636719	-8.731149137020111e-11	3.695592523223777e-14	
657	0.0	-0.018313186813186746	384.6581192636719	-8.731149137020111e-11	2.2414902320175484e-14	
658	0.0	-0.020754945054944844	384.6581192636719	-8.731149137020111e-11	1.35953258606382e-14	
659	0.0	-0.01098791208791178	384.6581192636719	-8.731149137020111e-11	8.245982187044165e-15	
660	0.0	0.003662637362637484	384.6581192636719	-8.731149137020111e-11	5.001441152052993e-15	
661	0.0	-0.028080219780219812	384.6581192636719	-8.731149137020111e-11	3.033527482413299e-15	
662	0.0	-0.023196703296702943	384.6581192636719	-8.731149137020111e-11	1.839927475210228e-15	
663	0.0	-0.015871428571428647	384.6581192636719	-8.731149137020111e-11	1.115972455142089e-15	
664	0.0	-0.01098791208791178	384.6581192636719	-8.731149137020111e-11	6.768715273703448e-16	
665	0.0	-0.018313186813186746	384.6581192636719	-8.731149137020111e-11	4.1054334595832474e-16	
666	0.0	-0.0012208791208793855	384.6581192636719	-8.731149137020111e-11	2.490071327089036e-16	
667	0.0	-0.01098791208791178	384.6581192636719	-8.731149137020111e-11	1.510304644318067e-16	
668	0.0	0.003662637362637484	384.6581192636719	-8.731149137020111e-11	9.160460815974775e-17	
669	0.0	-0.01098791208791178	384.6581192636719	-8.731149137020111e-11	5.556100292523456e-17	
670	0.0	0.0012208791208793855	384.6581192636719	-8.731149137020111e-11	3.369945147915427e-17	
671	0.0	-0.03052197802197791	384.6581192636719	-8.731149137020111e-11	2.0439749568651684e-17	
672	0.0	-0.01342967032967055	384.6581192636719	-8.731149137020111e-11	1.2397335516233388e-17	
673	0.0	-0.003662637362637484	384.6581192636719	-8.731149137020111e-11	7.519364590043865e-18	
674	0.0	-0.01098791208791178	384.6581192636719	-8.731149137020111e-11	4.560726481760122e-18	
675	0.0	-0.020754945054944844	384.6581192636719	-8.731149137020111e-11	2.7662201813722703e-18	
676	0.0	-0.008546153846153681	384.6581192636719	-8.731149137020111e-11	1.6777985605821328e-18	
677	0.0	-0.015871428571428647	384.6581192636719	-8.731149137020111e-11	1.0176372942321372e-18	
678	0.0	-0.020754945054944844	384.6581192636719	-8.731149137020111e-11	6.1722811101665585e-19	
679	0.0	-0.020754945054944844	384.6581192636719	-8.731149137020111e-11	3.743687103516995e-19	
680	0.0	-0.020754945054944844	384.6581192636719	-8.731149137020111e-11	2.2706852277131907e-19	
681	0.0	-0.0061043956043955825	384.6581192636719	-8.731149137020111e-11	1.377255719900791e-19	
682	0.0	-0.015871428571428647	384.6581192636719	-8.731149137020111e-11	8.353614288111771e-20	
683	0.0	-0.020754945054944844	384.6581192636719	-8.731149137020111e-11	5.0667294060710604e-20	
684	0.0	-0.03296373626373601	384.6581192636719	-8.731149137020111e-11	3.0731414117570084e-20	
685	0.0	-0.03784725274725288	384.6581192636719	-8.731149137020111e-11	1.863803356204482e-20	
686	0.0	-0.015871428571428647	384.6581192636719	-8.731149137020111e-11	1.1306731792987335e-20	
687	0.0	-0.018313186813186746	384.6581192636719	-8.731149137020111e-11	6.8573272780646e-21	
688	0.0	-0.025638461538461714	384.6581192636719	-8.731149137020111e-11	4.159891300529176e-21	
689	0.0	-0.025638461538461714	384.6581192636719	-8.731149137020111e-11	2.5204193264490753e-21	
690	0.0	-0.025638461538461714	384.6581192636719	-8.731149137020111e-11	1.5286297719979951e-21	
691	0.0	-0.03296373626373601	384.6581192636719	-8.731149137020111e-11	9.26442286059391e-22	
692	0.0	-0.008546153846153681	384.6581192636719	-8.731149137020111e-11	5.641371777611649e-22	
693	0.0	-0.0061043956043955825	384.6581192636719	-8.731149137020111e-11	3.4162559298440043e-22	
694	0.0	-0.008546153846153681	384.6581192636719	-8.731149137020111e-11	2.0679515313825692e-22	
695	0.0	-0.003662637362637484	384.6581192636719	-8.731149137020111e-11	1.257314531080602e-22	
696	0.0	-0.01342967032967055	384.6581192636719	-8.731149137020111e-11	7.858215819253763e-23	
697	0.0	-0.01098791208791178	384.6581192636719	-8.731149137020111e-11	4.632211430296955e-23	
698	0.0	-0.020754945054944844	384.6581192636719	-8.731149137020111e-11	2.895132143935597e-23	
699	0.0	-0.01098791208791178	384.6581192636719	-8.731149137020111e-11	1.9852334701272664e-23	
700	0.0	-0.01342967032967055	384.6581192636719	-8.731149137020111e-11	1.9852334701272664e-23	
701	0.0	0.0012208791208793855	384.6581192636719	-8.731149137020111e-11	1.9852334701272664e-23	
702	0.0	-0.01342967032967055	384.6581192636719	-8.731149137020111e-11	1.9852334701272664e-23	
703	0.0	-0.015871428571428647	384.6581192636719	-8.731149137020111e-11	1.9852334701272664e-23	
704	0.0	-0.01098791208791178	384.6581192636719	-8.731149137020111e-11	1.9852334701272664e-23	
705	0.0	-0.008546153846153681	384.6581192636719	-8.731149137020111e-11	1.9852334701272664e-23	
706	0.0	-0.01342967032967055	384.6581192636719	-8.731149137020111e-11	1.9852334701272664e-23	
707	0.0	0.0012208791208793855	384.6581192636719	-8.731149137020111e-11	1.9852334701272664e-23	
708	0.0	-0.01342967032967055	384.6581192636719	-8.731149137020111e-11	1.9852334701272664e-23	
709	0.0	-0.020754945054944844	384.6581192636719	-8.731149137020111e-11	1.9852334701272664e-23	
710	0.0	-0.01342967032967055	384.6581192636719	-8.731149137020111e-11	1.9852334701272664e-23	
711	0.0	-0.008546153846153681	384.6581192636719	-8.731149137020111e-11	1.9852334701272664e-23	
712	0.0	-0.008546153846153681	384.6581192636719	-8.731149137020111e-11	1.9852334701272664e-23	
713	0.0	-0.0061043956043955825	384.6581192636719	-8.731149137020111e-11	1.9852334701272664e-23	
714	0.0	0.0012208791208793855	384.6581192636719	-8.731149137020111e-11	1.9852334701272664e-23	
715	0.0	-0.020754945054944844	384.6581192636719	-8.731149137020111e-11	1.9852334701272664e-23	
716	0.0	-0.020754945054944844	384.6581192636719	-8.731149137020111e-11	1.9852334701272664e-23	
717	0.0	-0.03052197802197791	384.6581192636719	-8.731149137020111e-11	1.9852334701272664e-23	
718	0.0	-0.018313186813186746	384.6581192636719	-8.731149137020111e-11	1.9852334701272664e-23	
719	0.0	-0.0061043956043955825	384.6581192636719	-8.731149137020111e-11	1.9852334701272664e-23	
720	0.0	-0.01098791208791178	384.6581192636719	-8.731149137020111e-11	1.9852334701272664e-23	
721	0.0	-0.018313186813186746	384.6581192636719	-8.731149137020111e-11	1.9852334701272664e-23	
722	0.0	-0.047614285714285276	384.6581192636719	-8.731149137020111e-11	1.9852334701272664e-23	
723	0.0	-0.03540549450549411	384.6581192636719	-8.731149137020111e-11	1.9852334701272664e-23	
724	0.0	-0.01342967032967055	384.6581192636719	-8.731149137020111e-11	1.9852334701272664e-23	
725	0.0	-0.028080219780219812	384.6581192636719	-8.731149137020111e-11	1.9852334701272664e-23	
726	0.0	-0.028080219780219812	384.6581192636719	-8.731149137020111e-11	1.9852334701272664e-23	
727	0.0	-0.025638461538461714	384.6581192636719	-8.731149137020111e-11	1.9852334701272664e-23	
728	0.0	-0.03784725274725288	384.6581192636719	-8.731149137020111e-11	1.9852334701272664e-23	
729	0.0	-0.018313186813186746	384.6581192636719	-8.731149137020111e-11	1.9852334701272664e-23	
730	0.0	-0.03052197802197791	384.6581192636719	-8.731149137020111e-11	1.9852334701272664e-23	
731	0.0	-0.008546153846153681	384.6581192636719	-8.731149137020111e-11	1.9852334701272664e-23	
732	0.0	-0.003662637362637484	384.6581192636719	-8.731149137020111e-11	1.9852334701272664e-23	
733	0.0	-0.01098791208791178	384.6581192636719	-8.731149137020111e-11	1.9852334701272664e-23	
734	0.0	-0.018313186813186746	384.6581192636719	-8.731149137020111e-11	1.9852334701272664e-23	
735	0.0	-0.015871428571428647	384.6581192636719	-8.731149137020111e-11	1.9852334701272664e-23	
736	0.0	-0.018313186813186746	384.6581192636719	-8.731149137020111e-11	1.9852334701272664e-23	
737	0.0	-0.018313186813186746	384.6581192636719	-8.731149137020111e-11	1.9852334701272664e-23	
738	0.0	-0.028080219780219812	384.6581192636719	-8.731149137020111e-11	1.9852334701272664e-23	
739	0.0	-0.028080219780219812	384.6581192636719	-8.731149137020111e-11	1.9852334701272664e-23	
740	0.0	-0.020754945054944844	384.6581192636719	-8.731149137020111e-11	1.9852334701272664e-23	
741	0.0	-0.018313186813186746	384.6581192636719	-8.731149137020111e-11	1.9852334701272664e-23	
742	0.0	-0.018313186813186746	384.6581192636719	-8.731149137020111e-11	1.9852334701272664e-23	
743	0.0	-0.01342967032967055	384.6581192636719	-8.731149137020111e-11	1.9852334701272664e-23	
744	0.0	-0.018313186813186746	384.6581192636719	-8.731149137020111e-11	1.9852334701272664e-23	
745	0.0	-0.0012208791208793855	384.6581192636719	-8.731149137020111e-11	1.9852334701272664e-23	
746	0.0	-0.008546153846153681	384.6581192636719	-8.731149137020111e-11	1.9852334701272664e-23	
747	0.0	0.0012208791208793855	384.6581192636719	-8.731149137020111e-11	1.9852334701272664e-23	
748	0.0	-0.008546153846153681	384.6581192636719	-8.731149137020111e-11	1.9852334701272664e-23	
749	0.0	-0.025638461538461714	384.6581192636719	-8.731149137020111e-11	1.9852334701272664e-23	
750	0.0	-0.0061043956043955825	384.6581192636719	-8.731149137020111e-11	1.9852334701272664e-23	
751	0.0	-0.03052197802197791	384.6581192636719	-8.731149137020111e-11	1.9852334701272664e-23	
752	0.0	-0.025638461538461714	384.6581192636719	-8.731149137020111e-11	1.9852334701272664e-23	
753	0.0	-0.015871428571428647	384.6581192636719	-8.731149137020111e-11	1.9852334701272664e-23	
754	0.0	-0.023196703296702943	384.6581192636719	-8.731149137020111e-11	1.9852334701272664e-23	
755	0.0	-0.020754945054944844	384.6581192636719	-8.731149137020111e-11	1.9852334701272664e-23	
756	0.0	-0.018313186813186746	384.6581192636719	-8.731149137020111e-11	1.9852334701272664e-23	
757	0.0	-0.015871428571428647	384.6581192636719	-8.731149137020111e-11	1.9852334701272664e-23	
758	0.0	-0.028080219780219812	384.6581192636719	-8.731149137020111e-11	1.9852334701272664e-23	
759	0.0	-0.03052197802197791	384.6581192636719	-8.731149137020111e-11	1.9852334701272664e-23	
760	0.0	-0.020754945054944844	384.6581192636719	-8.731149137020111e-11	1.9852334701272664e-23	
761	0.0	-0.025638461538461714	384.6581192636719	-8.731149137020111e-11	1.9852334701272664e-23	
762	0.0	-0.020754945054944844	384.6581192636719	-8.731149137020111e-11	1.9852334701272664e-23	
763	0.0	-0.015871428571428647	384.6581192636719	-8.731149137020111e-11	1.9852334701272664e-23	
764	0.0	-0.015871428571428647	384.6581192636719	-8.731149137020111e-11	1.9852334701272664e-23	
765	0.0	-0.020754945054944844	384.6581192636719	-8.731149137020111e-11	1.9852334701272664e-23	
766	0.0	-0.020754945054944844	384.6581192636719	-8.731149137020111e-11	1.9852334701272664e-23	
767	0.0	-0.023196703296702943	384.6581192636719	-8.731149137020111e-11	1.9852334701272664e-23	
768	0.0	-0.023196703296702943	384.6581192636719	-8.731149137020111e-11	1.9852334701272664e-23	
769	0.0	-0.01098791208791178	384.6581192636719	-8.731149137020111e-11	1.9852334701272664e-23	
770	0.0	-0.025638461538461714	384.6581192636719	-8.731149137020111e-11	1.9852334701272664e-23	
771	0.0	-0.01098791208791178	384.6581192636719	-8.731149137020111e-11	1.9852334701272664e-23	
772	0.0	-0.015871428571428647	384.6581192636719	-8.731149137020111e-11	1.9852334701272664e-23	
773	0.0	-0.0061043956043955825	384.6581192636719	-8.731149137020111e-11	1.9852334701272664e-23	
774	0.0	-0.020754945054944844	384.6581192636719	-8.731149137020111e-11	1.9852334701272664e-23	
775	0.0	-0.008546153846153681	384.6581192636719	-8.731149137020111e-11	1.9852334701272664e-23	
776	0.0	-0.018313186813186746	384.6581192636719	-8.731149137020111e-11	1.9852334701272664e-23	
777	0.0	-0.01098791208791178	384.6581192636719	-8.731149137020111e-11	1.9852334701272664e-23	
778	0.0	-0.015871428571428647	384.6581192636719	-8.731149137020111e-11	1.9852334701272664e-23	
779	0.0	-0.015871428571428647	384.6581192636719	-8.731149137020111e-11	1.9852334701272664e-23	
780	0.0	-0.008546153846153681	384.6581192636719	-8.731149137020111e-11	1.9852334701272664e-23	
781	0.0	-0.003662637362637484	384.6581192636719	-8.731149137020111e-11	1.9852334701272664e-23	
782	0.0	-0.015871428571428647	384.6581192636719	-8.731149137020111e-11	1.9852334701272664e-23	
783	0.0	-0.020754945054944844	384.6581192636719	-8.731149137020111e-11	1.9852334701272664e-23	
784	0.0	-0.0061043956043955825	384.6581192636719	-8.731149137020111e-11	1.9852334701272664e-23	
785	0.0	-0.01098791208791178	384.6581192636719	-8.731149137020111e-11	1.9852334701272664e-23	
786	0.0	-0.03052197802197791	384.6581192636719	-8.731149137020111e-11	1.9852334701272664e-23	
787	0.0	-0.028080219780219812	384.6581192636719	-8.731149137020111e-11	1.9852334701272664e-23	
788	0.0	-0.0061043956043955825	384.6581192636719	-8.731149137020111e-11	1.9852334701272664e-23	
789	0.0	-0.0012208791208793855	384.6581192636719	-8.731149137020111e-11	1.9852334701272664e-23	
790	0.0	-0.018313186813186746	384.6581192636719	-8.731149137020111e-11	1.9852334701272664e-23	
791	0.0	-0.015871428571428647	384.6581192636719	-8.731149137020111e-11	1.9852334701272664e-23	
792	0.0	-0.020754945054944844	384.6581192636719	-8.731149137020111e-11	1.9852334701272664e-23	
793	0.0	-0.020754945054944844	384.6581192636719	-8.731149137020111e-11	1.9852334701272664e-23	
794	0.0	-0.028080219780219812	384.6581192636719	-8.731149137020111e-11	1.9852334701272664e-23	
795	0.0	-0.015871428571428647	384.6581192636719	-8.731149137020111e-11	1.9852334701272664e-23	
796	0.0	-0.025638461538461714	384.6581192636719	-8.731149137020111e-11	1.9852334701272664e-23	
797	0.0	-0.018313186813186746	384.6581192636719	-8.731149137020111e-11	1.9852334701272664e-23	
798	0.0	-0.01342967032967055	384.6581192636719	-8.731149137020111e-11	1.9852334701272664e-23	
799	0.0	-0.020754945054944844	384.6581192636719	-8.731149137020111e-11	1.9852334701272664e-23	
800	0.0	-0.020754945054944844	384.6581192636719	-8.731149137020111e-11	1.9852334701272664e-23	
801	0.0	-0.015871428571428647	384.6581192636719	-8.731149137020111e-11	1.9852334701272664e-23	
802	0.0	-0.03540549450549411	384.6581192636719	-8.731149137020111e-11	1.9852334701272664e-23	
803	0.0	-0.023196703296702943	384.6581192636719	-8.731149137020111e-11	1.9852334701272664e-23	
804	0.0	-0.028080219780219812	384.6581192636719	-8.731149137020111e-11	1.9852334701272664e-23	
805	0.0	0.008546153846153681	384.6581192636719	-8.731149137020111e-11	1.9852334701272664e-23	
806	0.0	-0.023196703296702943	384.6581192636719	-8.731149137020111e-11	1.9852334701272664e-23	
807	0.0	-0.018313186813186746	384.6581192636719	-8.731149137020111e-11	1.9852334701272664e-23	
808	0.0	-0.020754945054944844	384.6581192636719	-8.731149137020111e-11	1.9852334701272664e-23	
