0	0.0	-0.015871428571428647	0.0	0.0	0.0	
1	0.0	-0.008546153846153681	0.0	0.0	0.0	
2	0.0	-0.018313186813186746	0.0	0.0	0.0	
3	0.0	-0.015871428571428647	0.0	0.0	0.0	
4	0.0	-0.015871428571428647	0.0	0.0	0.0	
5	0.0	-0.028080219780219812	0.0	0.0	0.0	
6	0.0	-0.03052197802197791	0.0	0.0	0.0	
7	0.0	0.01342967032967055	0.0	0.0	0.0	
8	0.0	-0.03784725274725288	0.0	0.0	0.0	
9	0.0	-0.023196703296702943	0.0	0.0	0.0	
10	0.0	-0.020754945054944844	0.0	0.0	0.0	
11	0.0	-0.01342967032967055	0.0	0.0	0.0	
12	0.0	-0.023196703296702943	0.0	0.0	0.0	
13	0.0	-0.01098791208791178	0.0	0.0	0.0	
14	0.0	-0.003662637362637484	0.0	0.0	0.0	
15	0.0	-0.008546153846153681	0.0	0.0	0.0	
16	0.0	-0.01342967032967055	0.0	0.0	0.0	
17	0.0	-0.03052197802197791	0.0	0.0	0.0	
18	0.0	-0.018313186813186746	0.0	0.0	0.0	
19	0.0	-0.01098791208791178	0.0	0.0	0.0	
20	0.0	-0.01098791208791178	0.0	0.0	0.0	
21	0.0	0.020754945054944844	0.0	0.0	0.0	
22	0.0	-0.003662637362637484	0.0	0.0	0.0	
23	0.0	-0.008546153846153681	0.0	0.0	0.0	
24	0.0	-0.018313186813186746	0.0	0.0	0.0	
25	0.0	-0.018313186813186746	0.0	0.0	0.0	
26	0.0	-0.025638461538461714	0.0	0.0	0.0	
27	0.0	-0.01342967032967055	0.0	0.0	0.0	
28	0.0	-0.025638461538461714	0.0	0.0	0.0	
29	0.0	-0.0061043956043955825	0.0	0.0	0.0	
30	0.0	-0.018313186813186746	0.0	0.0	0.0	
31	0.0	-0.018313186813186746	0.0	0.0	0.0	
32	0.0	-0.018313186813186746	0.0	0.0	0.0	
33	0.0	-0.020754945054944844	0.0	0.0	0.0	
34	0.0	-0.023196703296702943	0.0	0.0	0.0	
35	0.0	-0.04028901098901098	0.0	0.0	0.0	
36	0.0	-0.018313186813186746	0.0	0.0	0.0	
37	0.0	-0.03784725274725288	0.0	0.0	0.0	
38	0.0	-0.008546153846153681	0.0	0.0	0.0	
39	0.0	-0.023196703296702943	0.0	0.0	0.0	
40	0.0	-0.018313186813186746	0.0	0.0	0.0	
41	0.0	-0.015871428571428647	0.0	0.0	0.0	
42	0.0	-0.015871428571428647	0.0	0.0	0.0	
43	0.0	-0.01342967032967055	0.0	0.0	0.0	
44	0.0	-0.015871428571428647	0.0	0.0	0.0	
45	0.0	-0.025638461538461714	0.0	0.0	0.0	
46	0.0	-0.015871428571428647	0.0	0.0	0.0	
47	0.0	-0.015871428571428647	0.0	0.0	0.0	
48	0.0	-0.015871428571428647	0.0	0.0	0.0	
49	0.0	0.0012208791208793855	0.0	0.0	0.0	
50	0.0	-0.020754945054944844	0.0	0.0	0.0	
51	0.0	-0.018313186813186746	0.0	0.0	0.0	
52	0.0	-0.015871428571428647	0.0	0.0	0.0	
53	0.0	-0.018313186813186746	0.0	0.0	0.0	
54	0.0	-0.03296373626373601	0.0	0.0	0.0	
55	0.0	-0.028080219780219812	0.0	0.0	0.0	
56	0.0	-0.03296373626373601	0.0	0.0	0.0	
57	0.0	-0.020754945054944844	0.0	0.0	0.0	
58	0.0	-0.04028901098901098	0.0	0.0	0.0	
59	0.0	-0.023196703296702943	0.0	0.0	0.0	
60	0.0	-0.028080219780219812	0.0	0.0	0.0	
61	0.0	-0.028080219780219812	0.0	0.0	0.0	
62	0.0	-0.020754945054944844	0.0	0.0	0.0	
63	0.0	-0.018313186813186746	0.0	0.0	0.0	
64	0.0	-0.020754945054944844	0.0	0.0	0.0	
65	0.0	-0.0061043956043955825	0.0	0.0	0.0	
66	0.0	-0.020754945054944844	0.0	0.0	0.0	
67	0.0	-0.008546153846153681	0.0	0.0	0.0	
68	0.0	-0.018313186813186746	0.0	0.0	0.0	
69	0.0	-0.020754945054944844	0.0	0.0	0.0	
70	0.0	-0.008546153846153681	0.0	0.0	0.0	
71	0.0	-0.008546153846153681	0.0	0.0	0.0	
72	0.0	0.0012208791208793855	0.0	0.0	0.0	
73	0.0	-0.015871428571428647	0.0	0.0	0.0	
74	0.0	-0.01098791208791178	0.0	0.0	0.0	
75	0.0	-0.018313186813186746	0.0	0.0	0.0	
76	0.0	-0.008546153846153681	0.0	0.0	0.0	
77	0.0	-0.0061043956043955825	0.0	0.0	0.0	
78	0.0	-0.03052197802197791	0.0	0.0	0.0	
79	0.0	-0.020754945054944844	0.0	0.0	0.0	
80	0.0	-0.023196703296702943	0.0	0.0	0.0	
81	0.0	-0.023196703296702943	0.0	0.0	0.0	
82	0.0	-0.01098791208791178	0.0	0.0	0.0	
83	0.0	-0.015871428571428647	0.0	0.0	0.0	
84	0.0	-0.003662637362637484	0.0	0.0	0.0	
85	0.0	-0.01342967032967055	0.0	0.0	0.0	
86	0.0	0.01098791208791178	0.0	0.0	0.0	
87	0.0	0.01342967032967055	0.0	0.0	0.0	
88	0.0	-0.03784725274725288	0.0	0.0	0.0	
89	0.0	-0.01098791208791178	0.0	0.0	0.0	
90	0.0	-0.0061043956043955825	0.0	0.0	0.0	
91	0.0	-0.01098791208791178	0.0	0.0	0.0	
92	0.0	-0.0012208791208793855	0.0	0.0	0.0	
93	0.0	-0.0012208791208793855	0.0	0.0	0.0	
94	0.0	-0.003662637362637484	0.0	0.0	0.0	
95	0.0	-0.0012208791208793855	0.0	0.0	0.0	
96	0.0	0.0012208791208793855	0.0	0.0	0.0	
97	0.0	-0.01098791208791178	0.0	0.0	0.0	
98	0.0	0.0012208791208793855	0.0	0.0	0.0	
99	0.0	-0.015871428571428647	0.0	0.0	0.0	
100	0.0	-0.018313186813186746	0.0	0.0	0.0	
101	0.0	-0.0061043956043955825	0.0	0.0	0.0	
102	0.0	-0.01342967032967055	0.0	0.0	0.0	
103	0.0	-0.01342967032967055	0.0	0.0	0.0	
104	0.0	-0.025638461538461714	0.0	0.0	0.0	
105	0.0	-0.01098791208791178	0.0	0.0	0.0	
106	0.0	-0.023196703296702943	0.0	0.0	0.0	
107	0.0	-0.03540549450549411	0.0	0.0	0.0	
108	0.0	0.0061043956043955825	0.0	0.0	0.0	
109	0.0	0.0012208791208793855	0.0	0.0	0.0	
110	0.0	-0.0012208791208793855	0.0	0.0	0.0	
111	0.0	0.01098791208791178	0.0	0.0	0.0	
112	0.0	-0.018313186813186746	0.0	0.0	0.0	
113	0.0	-0.01098791208791178	0.0	0.0	0.0	
114	0.0	-0.015871428571428647	0.0	0.0	0.0	
115	0.0	-0.0061043956043955825	0.0	0.0	0.0	
116	0.0	-0.008546153846153681	0.0	0.0	0.0	
117	0.0	-0.003662637362637484	0.0	0.0	0.0	
118	0.0	-0.01342967032967055	0.0	0.0	0.0	
119	0.0	-0.01342967032967055	0.0	0.0	0.0	
120	0.0	0.0012208791208793855	0.0	0.0	0.0	
121	0.0	-0.015871428571428647	0.0	0.0	0.0	
122	0.0	-0.018313186813186746	0.0	0.0	0.0	
123	0.0	-0.008546153846153681	0.0	0.0	0.0	
124	0.0	-0.015871428571428647	0.0	0.0	0.0	
125	0.0	-0.018313186813186746	0.0	0.0	0.0	
126	0.0	-0.020754945054944844	0.0	0.0	0.0	
127	0.0	-0.015871428571428647	0.0	0.0	0.0	
128	0.0	-0.008546153846153681	0.0	0.0	0.0	
129	0.0	-0.028080219780219812	0.0	0.0	0.0	
130	0.0	-0.003662637362637484	0.0	0.0	0.0	
131	0.0	-0.003662637362637484	0.0	0.0	0.0	
132	0.0	-0.01098791208791178	0.0	0.0	0.0	
133	0.0	-0.003662637362637484	0.0	0.0	0.0	
134	0.0	-0.01098791208791178	0.0	0.0	0.0	
135	0.0	-0.01098791208791178	0.0	0.0	0.0	
136	0.0	0.0012208791208793855	0.0	0.0	0.0	
137	0.0	-0.008546153846153681	0.0	0.0	0.0	
138	0.0	-0.003662637362637484	0.0	0.0	0.0	
139	0.0	-0.020754945054944844	0.0	0.0	0.0	
140	0.0	-0.01098791208791178	0.0	0.0	0.0	
141	0.0	-0.015871428571428647	0.0	0.0	0.0	
142	0.0	-0.01098791208791178	0.0	0.0	0.0	
143	0.0	-0.01098791208791178	0.0	0.0	0.0	
144	0.0	-0.015871428571428647	0.0	0.0	0.0	
145	0.0	-0.01342967032967055	0.0	0.0	0.0	
146	0.0	-0.01098791208791178	0.0	0.0	0.0	
147	0.0	-0.0061043956043955825	0.0	0.0	0.0	
148	0.0	-0.0061043956043955825	0.0	0.0	0.0	
149	0.0	-0.008546153846153681	0.0	0.0	0.0	
150	0.0	-0.020754945054944844	0.0	0.0	0.0	
151	0.0	-0.01342967032967055	0.0	0.0	0.0	
152	0.0	-0.0061043956043955825	0.0	0.0	0.0	
153	0.0	-0.018313186813186746	0.0	0.0	0.0	
154	0.0	-0.0012208791208793855	0.0	0.0	0.0	
155	0.0	-0.0061043956043955825	0.0	0.0	0.0	
156	0.0	-0.01342967032967055	0.0	0.0	0.0	
157	0.0	-0.0012208791208793855	0.0	0.0	0.0	
158	0.0	-0.0061043956043955825	0.0	0.0	0.0	
159	0.0	0.015871428571428647	0.0	0.0	0.0	
160	0.0	-0.008546153846153681	0.0	0.0	0.0	
161	0.0	-0.008546153846153681	0.0	0.0	0.0	
162	0.0	0.01342967032967055	0.0	0.0	0.0	
163	0.0	0.003662637362637484	0.0	0.0	0.0	
164	0.0	-0.015871428571428647	0.0	0.0	0.0	
165	0.0	0.0012208791208793855	0.0	0.0	0.0	
166	0.0	0.0012208791208793855	0.0	0.0	0.0	
167	0.0	0.0061043956043955825	0.0	0.0	0.0	
168	0.0	-0.03540549450549411	0.0	0.0	0.0	
169	0.0	-0.015871428571428647	0.0	0.0	0.0	
170	0.0	-0.018313186813186746	0.0	0.0	0.0	
171	0.0	-0.008546153846153681	0.0	0.0	0.0	
172	0.0	-0.003662637362637484	0.0	0.0	0.0	
173	0.0	-0.023196703296702943	0.0	0.0	0.0	
174	0.0	-0.05493956043956024	0.0	0.0	0.0	
175	0.0	0.0061043956043955825	0.0	0.0	0.0	
176	0.0	0.008546153846153681	0.0	0.0	0.0	
177	0.0	-0.01098791208791178	0.0	0.0	0.0	
178	0.0	-0.0061043956043955825	0.0	0.0	0.0	
179	0.0	-0.020754945054944844	0.0	0.0	0.0	
180	0.0	0.0012208791208793855	0.0	0.0	0.0	
181	0.0	-0.01098791208791178	0.0	0.0	0.0	
182	0.0	0.0012208791208793855	0.0	0.0	0.0	
183	0.0	-0.003662637362637484	0.0	0.0	0.0	
184	0.0	0.003662637362637484	0.0	0.0	0.0	
185	0.0	-0.015871428571428647	0.0	0.0	0.0	
186	0.0	-0.01098791208791178	0.0	0.0	0.0	
187	0.0	-0.01342967032967055	0.0	0.0	0.0	
188	0.0	-0.0061043956043955825	0.0	0.0	0.0	
189	0.0	-0.008546153846153681	0.0	0.0	0.0	
190	0.0	0.0012208791208793855	0.0	0.0	0.0	
191	0.0	-0.01098791208791178	0.0	0.0	0.0	
192	0.0	-0.023196703296702943	0.0	0.0	0.0	
193	0.0	-0.023196703296702943	0.0	0.0	0.0	
194	0.0	-0.028080219780219812	0.0	0.0	0.0	
195	0.0	-0.003662637362637484	0.0	0.0	0.0	
196	0.0	-0.023196703296702943	0.0	0.0	0.0	
197	0.0	0.0061043956043955825	0.0	0.0	0.0	
198	0.0	-0.018313186813186746	0.0	0.0	0.0	
199	0.0	-0.018313186813186746	0.0	0.0	0.0	
200	50.0	0.0061043956043955825	0.0	0.0	0.0	
201	50.0	-0.01098791208791178	0.042951480468750004	2.1475740234375	107.37870117187501	
202	50.0	-0.01098791208791178	0.19941758789062503	9.125874895676207	422.90166282706116	
203	50.0	-0.023196703296702943	0.46786434082031253	18.957460717694243	785.7238075171178	
204	50.0	-0.01098791208791178	0.8467577578125001	30.44295231737093	1129.0344025079376	
205	50.0	0.7435153846153844	1.3376318203125002	43.0082875789748	1438.629437643432	
206	50.0	1.3515131868131864	1.9389525468750002	56.151882074750574	1707.149783557686	
207	50.0	1.817889010989011	2.6507199375000003	69.64620853483606	1941.7658647730927	
208	50.0	2.1695021978021973	3.4714000107421876	83.2765656181266	2146.5295737263605	
209	50.0	2.3941439560439557	4.348837397460938	94.3816609902597	2200.683374752395	
210	50.0	2.5821593406593393	5.20940098828125	100.27355220044268	2018.674524742191	
211	50.0	2.699363736263736	6.017809209960938	101.23939650310365	1686.28063401676	
212	50.0	2.689596703296704	6.777130025390625	99.37084038858129	1346.9373598264579	
213	50.0	2.0889241758241752	7.507305193359375	96.78022141191269	1097.3048391202742	
214	50.0	1.3295373626373617	8.217538602539063	94.21184359281557	936.3215357516656	
215	50.0	0.6702626373626374	8.923170067382813	92.42394644071561	867.1104161515273	
216	50.0	0.22342087912087913	9.621131625	90.95603661078394	833.7565387329532	
217	50.0	0.06470659340659331	10.323695126953126	90.29580148586075	847.8554061277714	
218	50.0	-0.0012208791208793855	11.024724647460939	89.81864955683739	862.8376760237779	
219	50.0	0.025638461538461714	11.72422018652344	89.45254320242071	875.5090426157708	
220	50.0	0.04273076923076908	12.422181744140627	89.15378939545678	885.0521560844891	
221	50.0	0.07447362637362637	13.12474524609375	89.20268326370433	906.9904549043345	
222	50.0	0.11109999999999987	13.82884272949219	89.30903796693963	923.3714214206389	
223	50.0	0.12330879120879103	14.532940212890626	89.37354535700786	931.6532979037402	
224	50.0	0.16726043956044018	15.237037696289065	89.4126710679244	935.6735010553107	
225	50.0	0.18679450549450563	15.944203142578127	89.5898001563537	945.1734290957875	
226	50.0	0.1965615384615387	16.649834607421877	89.62053530986441	944.346338141957	
227	50.0	0.18435274725274753	17.355466072265628	89.6391771233059	943.3667890262914	
228	50.0	0.1965615384615387	18.061097537109376	89.65048395501788	942.4828056257497	
229	50.0	0.20632857142857175	18.765195020507814	89.58064282303656	937.9358819140061	
230	50.0	0.18435274725274753	19.46775852246094	89.4615829617644	932.4290215746573	
231	50.0	0.19900329670329678	20.173389987304688	89.5427676481321	938.6100805594697	
232	50.0	0.18435274725274753	20.880555433593752	89.66870772311597	944.9317160305927	
233	50.0	0.17214395604395635	21.5861868984375	89.66839516968787	942.9728180785642	
234	50.0	0.16481868131868208	22.29181836328125	89.66820559644634	941.7895461928961	
235	50.0	0.1941197802197806	22.998983809570316	89.74478968672588	944.9097567353579	
236	50.0	0.1916780219780225	23.706149255859376	89.79124028678734	945.6114736155264	
237	50.0	0.1574934065934071	24.408712757812502	89.58931678385488	933.8099770303074	
238	50.0	0.17214395604395635	25.11281024121094	89.54354305735023	933.6266180996345	
239	50.0	0.17702747252747322	25.8199756875	89.66917803259344	941.8970365345099	
240	50.0	0.17214395604395635	26.52407317089844	89.59198135454835	937.2899255361945	
241	50.0	0.17946923076923132	27.22817065429688	89.54515920121412	935.6958828883512	
242	50.0	0.12575054945054914	27.933802119140626	89.59345920115834	939.2920264830782	
243	50.0	0.18679450549450563	28.642501546875003	89.77615277731525	948.3921007084723	
244	50.0	0.1892362637362644	29.349666993164064	89.81026296333039	947.2359653462436	
245	50.0	0.18679450549450563	30.053764476562502	89.67755369298675	938.3344559549537	
246	50.0	0.20877032967032985	30.759395941406254	89.67376052177565	938.8338337296673	
247	50.0	0.21853736263736293	31.46349342480469	89.59476077481054	935.3607471095838	
248	50.0	0.16726043956044018	32.16759090820313	89.5468450048661	934.4825604945049	
249	50.0	0.17702747252747322	32.87322237304688	89.59448169278676	938.529897099123	
250	50.0	0.16481868131868208	33.58038781933594	89.70007387758801	944.0789937824657	
251	50.0	0.1892362637362644	34.284485302734375	89.61072063230404	938.1329579100252	
252	50.0	0.1892362637362644	34.99165074902344	89.7099232925541	943.585742849788	
253	50.0	0.18435274725274753	35.6988161953125	89.77009274915486	945.3505472681218	
254	50.0	0.17946923076923132	36.407515623046876	89.88328644261787	949.3203493303536	
255	50.0	0.16970219780219825	37.110079125000006	89.6451456009911	934.6283216732263	
256	50.0	0.18435274725274753	37.815710589843754	89.65410401982285	937.0898547726488	
257	50.0	0.17214395604395635	38.5213420546875	89.65953757565512	938.4435579333158	
258	50.0	0.17702747252747322	39.226973519531256	89.66283319394779	939.1801354498389	
259	50.0	0.1599351648351652	39.93107100292969	89.58813301527334	935.7406959655691	
260	50.0	0.1916780219780225	40.63823644921875	89.69622320992312	942.4859717039171	
261	50.0	0.17702747252747322	41.346935876953125	89.83848230103786	948.7314750429341	
262	50.0	0.18191098901098943	42.05410132324219	89.84806773149921	946.4726603885852	
263	50.0	0.1941197802197806	42.75819880664063	89.70048344458746	937.2836713635033	
264	50.0	0.1892362637362644	43.46536425292969	89.76436719178264	941.674925381828	
265	50.0	0.1965615384615387	44.16946173632813	89.64971649963809	935.675136296994	
266	50.0	0.17458571428571446	44.873559219726566	89.58017733780525	933.8187546011682	
267	50.0	0.17946923076923132	45.579190684570314	89.61469877522359	937.6090024996438	
268	50.0	0.18679450549450563	46.287890112304694	89.78903523053577	947.0410463019057	
269	50.0	0.2307461538461541	46.99352157714844	89.74137749412694	942.381249803484	
270	50.0	0.18435274725274753	47.7006870234375	89.78917068730289	944.1309119107596	
271	50.0	0.1941197802197806	48.409386451171876	89.89485779734196	948.2839650671795	
272	50.0	0.1892362637362644	49.116551897460944	89.88226119939281	945.3246636153162	
273	50.0	0.17946923076923132	49.819115399414066	89.64452375952305	932.2207569606107	
274	50.0	0.1965615384615387	50.524746864257814	89.6537268538982	935.6392617743531	
275	50.0	0.17946923076923132	51.23037832910157	89.65930881295162	937.5695932381759	
276	50.0	0.1623769230769233	51.93600979394532	89.66269444235058	938.6536060253916	
277	50.0	0.1574934065934071	52.64010727734375	89.58804885817335	935.4234971309952	
278	50.0	0.1892362637362644	53.34880670507813	89.77287123832639	946.1298430309307	
279	50.0	0.17702747252747322	54.057506132812506	89.88497168153344	949.7498140952666	
280	50.0	0.19900329670329678	54.76467157910157	89.87626496688654	946.36746271629	
281	50.0	0.1892362637362644	55.4687690625	89.71758593283312	936.7814341110352	
282	50.0	0.18191098901098943	56.17593450878907	89.77474037554475	941.1043808442373	
283	50.0	0.1916780219780225	56.880031992187504	89.6560081537973	935.167793538269	
284	50.0	0.16726043956044018	57.58566345703125	89.6606924913217	937.2481619385544	
285	50.0	0.17946923076923132	58.29129492187501	89.66353368572936	938.437133619103	
286	50.0	0.16970219780219825	58.99999434960938	89.81865510182433	946.7840116341717	
287	50.0	0.17946923076923132	59.704091833007816	89.68264378242293	937.9298449386597	
288	50.0	0.17702747252747322	60.41125727929688	89.7535468894298	942.3442338444106	
289	50.0	0.1916780219780225	61.118422725585944	89.79655179886458	943.9192417654822	
290	50.0	0.18191098901098943	61.825588171875005	89.822635595664	944.2058599923512	
291	50.0	0.18191098901098943	62.52815167382813	89.60835900177608	932.4692715809979	
292	50.0	0.18191098901098943	63.235317120117195	89.70849089119247	940.1872637430179	
293	50.0	0.1916780219780225	63.93941460351563	89.61582580925733	935.6416302551961	
294	50.0	0.17214395604395635	64.64504606835938	89.63632066671835	938.1603434922072	
295	50.0	0.16970219780219825	65.34914355175782	89.57205235420633	935.5343973987119	
296	50.0	0.1892362637362644	66.0593769609375	89.83986794022394	950.2807866278104	
297	50.0	0.1965615384615387	66.76500842578126	89.77220909190828	943.5558668275094	
298	50.0	0.18679450549450563	67.47217387207031	89.80787099715371	944.3639605010139	
299	50.0	0.19900329670329678	68.17780533691406	89.75280196439007	940.4646426008248	
300	50.0	0.1916780219780225	68.88343680175782	89.71940090671205	938.9558410542113	
301	50.0	0.18679450549450563	69.58600030371095	89.54574399608146	930.8901439509468	
302	50.0	0.17458571428571446	70.2916317685547	89.59381389718601	936.3681055693228	
303	50.0	0.16726043956044018	70.99879721484376	89.69966883907136	942.7781842880122	
304	50.0	0.17214395604395635	71.70596266113282	89.76387310854943	945.0201821151268	
305	50.0	0.17458571428571446	72.41006014453126	89.64941682299968	937.7118194998411	
306	50.0	0.1452846153846146	73.11875957226563	89.81009279152886	946.5635858770406	
307	50.0	0.18679450549450563	73.8259250185547	89.83084862310034	945.5991903654622	
308	50.0	0.18679450549450563	74.53155648339845	89.76673859939137	940.8565741474163	
309	50.0	0.17702747252747322	75.23411998535157	89.5744557588323	931.3069551427043	
310	50.0	0.17702747252747322	75.93975145019532	89.6112284620599	936.1744824510206	
311	50.0	0.16481868131868208	76.64538291503906	89.633532234614	938.5550176764505	
312	50.0	0.17702747252747322	77.3494803984375	89.57036108459943	935.8171360198439	
313	50.0	0.17214395604395635	78.05511186328125	89.6087449165284	938.973712555729	
314	50.0	0.18679450549450563	78.76381129101563	89.78542403259416	947.961359848618	
315	50.0	0.17702747252747322	79.46944275585938	89.73918719179574	942.9955977989648	
316	50.0	0.17458571428571446	80.17660820214844	89.78784220174975	944.5375892694519	
317	50.0	0.20632857142857175	80.88223966699219	89.74065388557256	940.8813764178631	
318	50.0	0.20144505494505557	81.58787113183594	89.712032724251	939.3974902839454	
319	50.0	0.17702747252747322	82.29043463378908	89.5412749673942	931.2725837510088	
320	50.0	0.18679450549450563	82.99760008007813	89.66780236645582	940.5045084426861	
321	50.0	0.18679450549450563	83.7047655263672	89.74454511536624	944.1366116402769	
322	50.0	0.1892362637362644	84.41039699121094	89.71439287448902	941.3113865627515	
323	50.0	0.17214395604395635	85.11602845605469	89.69610461544198	940.0666304061288	
324	50.0	0.17702747252747322	85.82319390234376	89.76171129758131	943.4309607118043	
325	50.0	0.18679450549450563	86.53035934863281	89.80150376286292	944.451428642652	
326	50.0	0.17458571428571446	87.23599081347658	89.74894004147063	940.6166972175333	
327	50.0	0.17946923076923132	87.9385543154297	89.5636603874591	931.4382076736861	
328	50.0	0.18435274725274753	88.64571976171875	89.68137981042673	940.2568992328406	
329	50.0	0.1916780219780225	89.3498172451172	89.59938210710789	936.1054096112434	
330	50.0	0.17458571428571446	90.05544870996094	89.6263470569329	938.6973188385332	
331	50.0	0.17702747252747322	90.76261415625001	89.71940119845203	943.6850737656109	
332	50.0	0.1892362637362644	91.46977960253906	89.77584138982729	945.2634249688595	
333	50.0	0.1916780219780225	92.17694504882813	89.8100740972668	945.3431692191598	
334	50.0	0.1916780219780225	92.8841104951172	89.83083728445581	944.8592608970202	
335	50.0	0.1965615384615387	93.58974195996095	89.7667317221576	940.40796052836	
336	50.0	0.20388681318681365	94.2953734248047	89.72784973210764	938.7048713798231	
337	50.0	0.16726043956044018	95.00100488964844	89.70426661239344	938.2764617352955	
338	50.0	0.1965615384615387	95.70663635449219	89.68996272684672	938.3833060707007	
339	50.0	0.18435274725274753	96.41380180078126	89.75798605373802	942.5054715271285	
340	50.0	0.1965615384615387	97.119433265625	89.72254521592822	940.1130603167944	
341	50.0	0.1623769230769233	97.82659871191407	89.77774833287367	943.0480037088137	
342	50.0	0.17702747252747322	98.53376415820313	89.81123071672118	943.9697976921002	
343	50.0	0.1599351648351652	99.24246358593751	89.9082378819021	947.8432385678375	
344	50.0	0.16970219780219825	99.94502708789064	89.66027941433003	933.344445103995	
345	50.0	0.19900329670329678	100.64912457128906	89.58658406959512	932.2408788234902	
346	50.0	0.17702747252747322	101.35475603613283	89.61858465458863	936.5523557951446	
347	50.0	0.18191098901098943	102.06038750097657	89.6379939910421	938.66982988578	
348	50.0	0.16481868131868208	102.764484984375	89.5730672767404	935.8173984314576	
349	50.0	0.1623769230769233	103.47165043066407	89.68708537734528	942.7667474368754	
350	50.0	0.16970219780219825	104.17881587695314	89.75624085300205	945.2089023581907	
351	50.0	0.17946923076923132	104.88598132324219	89.79818577041442	945.614863342289	
352	50.0	0.18679450549450563	105.59161278808594	89.74692757726643	941.3739466727302	
353	50.0	0.20144505494505557	106.298778234375	89.79253698298362	943.433654831505	
354	50.0	0.17946923076923132	107.00287571777345	89.66680234214073	936.3038547447518	
355	50.0	0.17946923076923132	107.70697320117188	89.59054042541266	933.9344282095608	
356	50.0	0.18435274725274753	108.41260466601564	89.6209843057577	937.5180290796807	
357	50.0	0.18679450549450563	109.12130409375001	89.7928475976205	946.8881360172886	
358	50.0	0.17946923076923132	109.82693555859376	89.74368981171301	942.2292274995862	
359	50.0	0.17946923076923132	110.53410100488283	89.79057317885326	944.0027520823551	
360	50.0	0.18435274725274753	111.2428004326172	89.89570845149137	948.1844252156279	
361	50.0	0.17214395604395635	111.94996587890626	89.8827771472279	945.2510630368934	
362	50.0	0.1941197802197806	112.65252938085938	89.64483669771289	932.1680936104558	
363	50.0	0.16481868131868208	113.35969482714845	89.73061573277391	939.4374076539266	
364	50.0	0.17702747252747322	114.06532629199219	89.70594427664764	938.6777596164884	
365	50.0	0.17946923076923132	114.77095775683594	89.690980281679	938.6006199713052	
366	50.0	0.16481868131868208	115.47505524023438	89.60520508742866	934.9515501465435	
367	50.0	0.17458571428571446	116.18375466796876	89.78327701765738	945.5768348647239	
368	50.0	0.1941197802197806	116.89245409570313	89.89128310590786	949.252600863636	
369	50.0	0.18191098901098943	117.59808556054689	89.80339396711497	942.1327992940332	
370	50.0	0.17702747252747322	118.30371702539064	89.75008650833297	939.1809870859697	
371	50.0	0.20388681318681365	119.0108824716797	89.79445297157872	942.0544401552306	
372	50.0	0.16970219780219825	119.71497995507814	89.6679644479982	935.4375275154389	
373	50.0	0.17702747252747322	120.42061141992188	89.66794435052816	937.2258584943529	
374	50.0	0.17946923076923132	121.12777686621095	89.74463123306396	942.1458021960339	
375	50.0	0.17702747252747322	121.83647629394532	89.86784325204735	947.7724677688416	
376	50.0	0.18191098901098943	122.54210775878907	89.78917697670113	941.5995134896066	
377	50.0	0.20632857142857175	123.25080718652345	89.89486161205514	946.7484964788637	
378	50.0	0.1941197802197806	123.95950661425782	89.95896258539779	948.2282491133965	
379	50.0	0.20632857142857175	124.66667206054689	89.92114271983883	944.294121144665	
380	50.0	0.17702747252747322	125.36923556250001	89.66810659441126	930.9911424726251	
381	50.0	0.20388681318681365	126.07640100878908	89.74472963895369	938.361732982652	
382	50.0	0.19900329670329678	126.7804984921875	89.63780572144151	933.9709227821763	
383	50.0	0.16970219780219825	127.48766393847657	89.72635122998418	940.640201711306	
384	50.0	0.18679450549450563	128.19176142187501	89.62665865262079	935.6386451647372	
385	50.0	0.16970219780219825	128.9019948310547	89.87298833532532	949.4949566584987	
386	50.0	0.18435274725274753	129.60916027734376	89.86899669980812	946.399209863388	
387	50.0	0.17702747252747322	130.31632572363281	89.86657565042151	944.5836093914168	
388	50.0	0.1965615384615387	131.02195718847656	89.78840813743136	939.685082676865	
389	50.0	0.18679450549450563	131.72912263476564	89.81769621518924	941.7643363364846	
390	50.0	0.12330879120879103	132.43168613671875	89.60536311599571	931.0652137570373	
391	50.0	0.18679450549450563	133.13885158300783	89.70667379456518	939.3822418672698	
392	50.0	0.16481868131868208	133.8460170292969	89.76812182893809	942.8515205919753	
393	50.0	0.17946923076923132	134.55318247558594	89.80539194678022	944.0003047142554	
394	50.0	0.17702747252747322	135.2588139404297	89.75129834428753	940.2826203338045	
395	50.0	0.1965615384615387	135.96904734960938	89.94858613178985	950.3736792116188	
396	50.0	0.18679450549450563	136.67621279589844	89.91484908241455	945.7567311492412	
397	50.0	0.1623769230769233	137.3818442607422	89.81768745478166	939.6460257009908	
398	50.0	0.18679450549450563	138.08440776269532	89.60535780253394	929.780529588008	
399	50.0	0.16481868131868208	138.79157320898437	89.70667057178889	938.6031241272776	
400	0.0	0.1916780219780225	139.49720467382815	89.69142080196616	938.5440582794226	
401	0.0	0.17702747252747322	140.19823419433595	89.45207413196385	927.2404869808815	
402	0.0	0.16726043956044018	140.8900598261719	88.84670860077222	901.0963430190332	
403	0.0	0.18679450549450563	141.5803514765625	88.40283676353647	890.816838676109	
404	0.0	0.18435274725274753	142.25990525683594	87.59672137209873	864.6389788998795	
405	0.0	0.12330879120879103	142.93332311132815	86.80099136959416	845.9555725300911	
406	0.0	0.08424065934065876	143.59907105859375	85.93486135178955	827.8213486693166	
407	0.0	0.062264835164835206	144.25868308007813	85.10273063736986	814.9498063823735	
408	0.0	0.047614285714285276	144.90755723144534	84.06112432661939	793.236734553026	
409	0.0	0.03052197802197791	145.55182943847657	83.19926092984679	784.7579010230847	
410	0.0	0.0012208791208793855	146.18843173828125	82.29301897970345	773.8413549444645	
411	0.0	0.018313186813186746	146.82196607519532	81.58995729236995	773.6411530976588	
412	0.0	0.008546153846153681	147.44322856054688	80.54993623362952	753.7718228848421	
413	0.0	0.0061043956043955825	148.06142308300784	79.76573341309722	750.221580137526	
414	0.0	-0.015871428571428647	148.67501566113282	79.05999312930635	748.7567582493866	
415	0.0	-0.01098791208791178	149.27940435058596	78.17174556417467	735.8319532289138	
416	0.0	-0.01342967032967055	149.87612313281252	77.24950080655344	722.6290297751161	
417	0.0	0.0061043956043955825	150.4636380263672	76.22993663651414	705.951079040573	
418	0.0	0.01342967032967055	151.04501699414064	75.30474340198816	696.3485196632923	
419	0.0	-0.0012208791208793855	151.62026003613283	74.43678903479031	689.5700525302568	
420	0.0	-0.01342967032967055	152.18936715234375	73.60355179649468	683.6144913941612	
421	0.0	-0.008546153846153681	152.75080436132814	72.71467248960562	673.7832865735554	
422	0.0	0.003662637362637484	153.30457166308594	71.79204456122807	662.4665493325747	
423	0.0	0.01098791208791178	153.85373702050782	71.00234520316735	658.4434470615638	
424	0.0	-0.018313186813186746	154.39523247070315	70.13987295621882	649.1073784033215	
425	0.0	-0.008546153846153681	154.9321259765625	69.38665986428896	645.3502670053167	
426	0.0	0.0012208791208793855	155.46134957519533	68.54631765700833	635.6082143043905	
427	0.0	0.0061043956043955825	155.98290326660157	67.65312896847627	623.590859549196	
428	0.0	-0.018313186813186746	156.4998550136719	66.88128541246533	618.6850680151497	
429	0.0	0.003662637362637484	157.00760287207032	65.95294418494177	604.701032306019	
430	0.0	0.0012208791208793855	157.5076808232422	65.00638139115836	591.479059099499	
431	0.0	-0.028080219780219812	158.00315683007813	64.2021648029995	586.6725299010741	
432	0.0	0.0012208791208793855	158.49249691113283	63.40758648292922	580.921967108412	
433	0.0	-0.025638461538461714	158.97416708496095	62.54215499584643	570.6140023901903	
434	0.0	-0.0012208791208793855	159.45276929589846	61.863846106266465	570.1483723029978	
435	0.0	-0.008546153846153681	159.92216761816408	60.99223652322053	557.4030839938123	
436	0.0	-0.003662637362637484	160.38543001464845	60.15678228438901	547.8852967963235	
437	0.0	-0.01342967032967055	160.8456244482422	59.49665551545968	547.4328250108315	
438	0.0	-0.0012208791208793855	161.2996829560547	58.78947209087255	542.0827156748396	
439	0.0	-0.003662637362637484	161.74760553808596	58.05374736111389	534.4937108871645	
440	0.0	-0.008546153846153681	162.18939219433594	57.300711454226985	525.9905288178411	
441	0.0	-0.01098791208791178	162.61890699902344	56.23037949831087	501.86222281837354	
442	0.0	0.003662637362637484	163.04228587792971	55.2743940442906	488.5301698073213	
443	0.0	-0.008546153846153681	163.46106281250002	54.4644623236436	483.8033843765552	
444	0.0	-0.0061043956043955825	163.87523780273438	53.743116672667384	482.025005379101	
445	0.0	-0.008546153846153681	164.2817428857422	52.92210304589116	472.9876158494026	
446	0.0	-0.008546153846153681	164.68211204296875	52.11733680663201	464.93207935802	
447	0.0	-0.01098791208791178	165.07481129296877	51.245726034036124	453.3844867466096	
448	0.0	-0.0012208791208793855	165.4598406357422	50.33357200143837	440.75820361316573	
449	0.0	-0.015871428571428647	165.8402680341797	49.55022538246885	435.7779656465211	
450	0.0	-0.0061043956043955825	166.21609348828127	48.845004411181435	433.43249493041503	
451	0.0	-0.023196703296702943	166.5873169980469	48.18716904182111	431.4703355632332	
452	0.0	-0.018313186813186746	166.95393856347658	47.5580744936251	429.00387962176046	
453	0.0	0.0012208791208793855	167.3128902216797	46.79301399059841	418.1147613977512	
454	0.0	-0.0061043956043955825	167.6672399355469	46.098884109585924	411.90104738085074	
455	0.0	-0.008546153846153681	168.0123857607422	45.2176786099044	395.9153664084024	
456	0.0	-0.01098791208791178	168.35292964160158	44.45310322553087	388.4163397366283	
457	0.0	-0.01342967032967055	168.6858036152344	43.60586943932503	376.5813700278927	
458	0.0	-0.028080219780219812	169.01407564453126	42.86189894129893	371.07165953823164	
459	0.0	-0.0061043956043955825	169.33621174804688	42.103861723011505	363.957844597918	
460	0.0	-0.008546153846153681	169.65067794433594	41.260593535107546	352.2548573407257	
461	0.0	0.0061043956043955825	169.95900821484378	40.44232922183437	342.9285845645293	
462	0.0	-0.020754945054944844	170.26120255957034	39.6392305255431	334.65508314591216	
463	0.0	0.0012208791208793855	170.55879495996095	38.92202931344764	330.6192671452998	
464	0.0	-0.003662637362637484	170.85025143457034	38.18022848825967	323.9831856116923	
465	0.0	0.01098791208791178	171.13557198339845	37.42350724310381	316.15245638955093	
466	0.0	-0.008546153846153681	171.41782456933595	36.811134450068494	315.4990377367244	
467	0.0	0.003662637362637484	171.6939412294922	36.13291527677211	309.2845335431284	
468	0.0	-0.0061043956043955825	171.96545594531253	35.49145732619945	304.55584259904685	
469	0.0	-0.0061043956043955825	172.22930075390627	34.718898040366184	292.4868448462819	
470	0.0	0.0012208791208793855	172.48700963671877	33.943520845279636	281.83914075307484	
471	0.0	-0.008546153846153681	172.74011657519532	33.24313357405299	275.9322634314435	
472	0.0	-0.015871428571428647	172.98862156933595	32.5882299920504	271.73484373508245	
473	0.0	-0.028080219780219812	173.23405860058594	32.03761273509372	271.7020018327223	
474	0.0	-0.01342967032967055	173.4748936875	31.473549261118023	268.7386289740973	
475	0.0	-0.01098791208791178	173.71112683007814	30.901330244039855	264.2068709994171	
476	0.0	-0.01098791208791178	173.94122404687502	30.247465567623294	255.0156941907171	
477	0.0	-0.015871428571428647	174.16671931933595	29.62077936651258	248.10287811865032	
478	0.0	-0.023196703296702943	174.38761264746094	29.010577744402326	242.1493665286814	
479	0.0	-0.01098791208791178	174.6023700498047	28.33367545287365	232.68643439785728	
480	0.0	0.003662637362637484	174.80792356347658	27.462919014693398	214.46213556117664	
481	0.0	-0.0061043956043955825	175.0042731884766	26.474584089868586	193.93798784488013	
482	0.0	0.003662637362637484	175.19295290625	25.491633278286827	177.68206281167681	
483	0.0	0.0012208791208793855	175.37703067968752	24.665346241090447	171.601136788767	
484	0.0	0.0012208791208793855	175.55497252734378	23.85738151664009	165.42078102375467	
485	0.0	-0.01098791208791178	175.7283124306641	23.137228909186888	162.73018270495504	
486	0.0	-0.0012208791208793855	175.89858437109376	22.547036116706295	164.6258146832795	
487	0.0	-0.008546153846153681	176.06118640429688	21.805570721886397	155.77756309563813	
488	0.0	-0.01342967032967055	176.22072047460938	21.202451070066672	154.26977657980672	
489	0.0	-0.008546153846153681	176.37565260058597	20.606543283036444	151.22815094399778	
490	0.0	0.01098791208791178	176.52444880078127	19.93831064096048	143.30911576570747	
491	0.0	-0.015871428571428647	176.67017703808594	19.379608900182575	141.22625007151657	
492	0.0	-0.015871428571428647	176.80976934960938	18.733942866509096	133.31022486475615	
493	0.0	-0.020754945054944844	176.94629369824221	18.188928465984645	130.8783023595612	
494	0.0	-0.020754945054944844	177.07821610253907	17.62826329631025	126.37269613186936	
495	0.0	-0.0061043956043955825	177.2040025810547	16.981406382772548	117.01773332699918	
496	0.0	-0.020754945054944844	177.3267210966797	16.43566967708648	113.73156771569813	
497	0.0	-0.01342967032967055	177.4387017421875	15.567770118104818	93.37925332500686	
498	0.0	-0.018313186813186746	177.54301248046878	14.657867050416826	75.35493162143541	
499	0.0	-0.018313186813186746	177.63965331152346	13.722487566181371	59.39571076355992	
500	0.0	-0.018313186813186746	177.7316921982422	12.92505399833135	52.755070462395224	
501	0.0	-0.0061043956043955825	177.8175951591797	12.134589788147423	45.786595565511334	
502	0.0	-0.003662637362637484	177.89889617578126	11.42505177944986	42.34586777429149	
503	0.0	-0.008546153846153681	177.9771292294922	10.841297066728657	43.62147952168931	
504	0.0	-0.0061043956043955825	178.0522943203125	10.33383378157123	45.801923419981506	
505	0.0	-0.008546153846153681	178.1243914482422	9.872643587554194	47.34493978248747	
506	0.0	-0.0061043956043955825	178.19188663183596	9.362820370532063	43.94689465936807	
507	0.0	0.015871428571428647	178.25477987109377	8.82349973318378	38.30812667050043	
508	0.0	-0.018313186813186746	178.31613912890626	8.419686150067719	39.438846635037464	
509	0.0	0.003662637362637484	178.37289644238282	7.944663607646362	34.89859677741748	
510	0.0	0.015871428571428647	178.42658579296875	7.503149719264911	31.86089335908605	
511	0.0	0.01098791208791178	178.47720718066407	7.0819598574762495	29.21351291445194	
512	0.0	-0.008546153846153681	178.52476060546877	6.673097141270773	26.486862209382252	
513	0.0	-0.020754945054944844	178.56924606738284	6.271711217017582	23.52046001038036	
514	0.0	-0.025638461538461714	178.60912958496095	5.798161124168473	16.457432826669105	
515	0.0	-0.0061043956043955825	178.64747912109377	5.434239393884127	15.701646440386355	
516	0.0	-0.01342967032967055	178.68276069433594	5.060111556202173	13.231857955835295	
517	0.0	0.003662637362637484	178.7134403232422	4.603094329040687	6.046213173261123	
518	0.0	-0.0061043956043955825	178.74258597070315	4.2492002889648575	4.958990130787953	
519	0.0	-0.01098791208791178	178.76712967382815	3.8044554807402164	-1.7026964692769297	
520	0.0	0.0012208791208793855	178.78860541406252	3.3813059669446375	-6.497897133586946	
521	0.0	-0.020754945054944844	178.80854717285158	3.04795373395973	-6.661842944686839	
522	0.0	0.003662637362637484	178.8238869873047	2.615668161881331	-13.0829329120576	
523	0.0	0.0012208791208793855	178.8361588388672	2.200075557013406	-17.925929829999234	
524	0.0	0.0012208791208793855	178.84382874609378	1.717908676570005	-25.906273215808113	
525	0.0	-0.0012208791208793855	178.84996467187503	1.3487606002763641	-27.084459781226172	
526	0.0	-0.01098791208791178	178.85303263476564	0.9714628234214615	-29.72918380770011	
527	0.0	-0.01342967032967055	178.85303263476564	0.5892220031728357	-33.13669017210101	
528	0.0	0.01098791208791178	178.85303263476564	0.3573812200083921	-29.260082073200955	
529	0.0	-0.008546153846153681	178.85303263476564	0.21676267302427732	-23.30396700540932	
530	0.0	-0.008546153846153681	178.85303263476564	0.13147321063843265	-17.504958504683476	
531	0.0	-0.0061043956043955825	178.85303263476564	0.07974253534666786	-12.661537812169275	
532	0.0	-0.003662637362637484	178.85303263476564	0.04836629388591973	-8.91950747916382	
533	0.0	-0.01342967032967055	178.85303263476564	0.0293356409365515	-6.1619900974215	
534	0.0	-0.003662637362637484	178.85303263476564	0.017792966133129084	-4.193568435737178	
535	0.0	-0.020754945054944844	178.85303263476564	0.010791979781060945	-2.820186201198665	
536	0.0	-0.008546153846153681	178.85303263476564	0.006545666792590055	-1.878331190799294	
537	0.0	-0.015871428571428647	178.85303263476564	0.003970147707150318	-1.2410423943586795	
538	0.0	-0.015871428571428647	178.85303263476564	0.0024080163730104687	-0.8144610989652787	
539	0.0	0.0012208791208793855	178.85303263476564	0.0014605357991968049	-0.5314372748335638	
540	0.0	-0.018313186813186746	178.85303263476564	0.0008858597666403512	-0.34504250904433764	
541	0.0	-0.025638461538461714	178.85303263476564	0.0005373011226765811	-0.22305287440751906	
542	0.0	-0.025638461538461714	178.85303263476564	0.0003258896140323486	-0.14364276914368737	
543	0.0	-0.008546153846153681	178.85303263476564	0.00019766204786719754	-0.09219092058442482	
544	0.0	-0.01342967032967055	178.85303263476564	0.00011988809637841769	-0.058990018236804914	
545	0.0	0.008546153846153681	178.85303263476564	7.271580761880614e-05	-0.03764336516650346	
546	0.0	-0.020754945054944844	178.85303263476564	4.410436849866528e-05	-0.02396249530163005	
547	0.0	-0.003662637362637484	178.85303263476564	2.675065479706973e-05	-0.015219755963334802	
548	0.0	-0.01098791208791178	178.85303263476564	1.6225094441324472e-05	-0.009647187910002748	
549	0.0	-0.015871428571428647	178.85303263476564	9.841014616540633e-06	-0.00610359537802397	
550	0.0	0.003662637362637484	178.85303263476564	5.968879122519866e-06	-0.0038550331678685566	
551	0.0	0.0012208791208793855	178.85303263476564	3.620314600993879e-06	-0.0024310041747937997	
552	0.0	-0.008546153846153681	178.85303263476564	2.1958330762572587e-06	-0.0015307699233662062	
553	0.0	-0.008546153846153681	178.85303263476564	1.3318422134034336e-06	-0.000962601254929003	
554	0.0	-0.01098791208791178	178.85303263476564	8.0780046118889e-07	-0.0006045557836526615	
555	0.0	-0.020754945054944844	178.85303263476564	4.899593477603048e-07	-0.00037924177070162914	
556	0.0	-0.01098791208791178	178.85303263476564	2.9717557481490076e-07	-0.00023764002265098196	
557	0.0	-0.028080219780219812	178.85303263476564	1.8024547898676246e-07	-0.00014875666416856032	
558	0.0	-0.008546153846153681	178.85303263476564	1.0932490113191307e-07	-9.302807389552813e-05	
559	0.0	-0.015871428571428647	178.85303263476564	6.630580173805356e-08	-5.8124382237660836e-05	
560	0.0	-0.047614285714285276	178.85303263476564	4.021239874418825e-08	-3.6285359756271765e-05	
561	0.0	-0.03052197802197791	178.85303263476564	2.4392647901549935e-08	-2.2633327884317304e-05	
562	0.0	-0.0061043956043955825	178.85303263476564	1.4797478797845542e-08	-1.4107006439434347e-05	
563	0.0	-0.003662637362637484	178.85303263476564	8.974893717095256e-09	-8.78637773080691e-06	
564	0.0	0.0061043956043955825	178.85303263476564	5.4424162954092026e-09	-5.46878382142419e-06	
565	0.0	0.0012208791208793855	178.85303263476564	3.3032847568392754e-09	-3.401544506286446e-06	
566	0.0	-0.008546153846153681	178.85303263476564	2.002707333303988e-09	-2.1145210575881817e-06	
567	0.0	-0.01098791208791178	178.85303263476564	1.2114469427615404e-09	-1.3137601364915557e-06	
568	0.0	0.01342967032967055	178.85303263476564	7.330527296289802e-10	-8.157427724895882e-07	
569	0.0	0.0012208791208793855	178.85303263476564	4.4019543565809727e-10	-5.063626475095855e-07	
570	0.0	0.0061043956043955825	178.85303263476564	2.6557245291769505e-10	-3.14066051831825e-07	
571	0.0	-0.01098791208791178	178.85303263476564	1.6552803572267294e-10	-1.9444859097900917e-07	
572	0.0	-0.01098791208791178	178.85303263476564	9.458744898438454e-11	-1.2072549098293877e-07	
573	0.0	-0.0061043956043955825	178.85303263476564	6.184563972055912e-11	-7.450603511031459e-08	
574	0.0	-0.01098791208791178	178.85303263476564	4.18367562815547e-11	-4.593539208054966e-08	
575	0.0	-0.01098791208791178	178.85303263476564	4.18367562815547e-11	-2.7861224419215696e-08	
576	0.0	0.0061043956043955825	178.85303263476564	4.18367562815547e-11	-1.689868728619357e-08	
577	0.0	-0.020754945054944844	178.85303263476564	4.18367562815547e-11	-1.024957222625174e-08	
578	0.0	-0.03052197802197791	178.85303263476564	4.18367562815547e-11	-6.216679972945664e-09	
579	0.0	-0.015871428571428647	178.85303263476564	4.18367562815547e-11	-3.770607107586277e-09	
580	0.0	-0.008546153846153681	178.85303263476564	4.18367562815547e-11	-2.2869888785739524e-09	
581	0.0	0.008546153846153681	178.85303263476564	4.18367562815547e-11	-1.3871289109379238e-09	
582	0.0	-0.01098791208791178	178.85303263476564	4.18367562815547e-11	-8.413362363002011e-10	
583	0.0	-0.01342967032967055	178.85303263476564	4.18367562815547e-11	-5.102962362980156e-10	
584	0.0	-0.03052197802197791	178.85303263476564	4.18367562815547e-11	-3.09510321254016e-10	
585	0.0	-0.003662637362637484	178.85303263476564	4.18367562815547e-11	-1.877275044349311e-10	
586	0.0	-0.0012208791208793855	178.85303263476564	4.18367562815547e-11	-1.1386249020252854e-10	
587	0.0	0.008546153846153681	178.85303263476564	4.18367562815547e-11	-6.906109317409411e-11	
588	0.0	-0.008546153846153681	178.85303263476564	4.18367562815547e-11	-4.1887671540622556e-11	
589	0.0	0.0012208791208793855	178.85303263476564	4.18367562815547e-11	-2.540615774314531e-11	
590	0.0	-0.015871428571428647	178.85303263476564	4.18367562815547e-11	-1.5409614035088948e-11	
591	0.0	-0.003662637362637484	178.85303263476564	4.18367562815547e-11	-9.346403620377495e-12	
592	0.0	-0.003662637362637484	178.85303263476564	4.18367562815547e-11	-5.668880507719755e-12	
593	0.0	-0.023196703296702943	178.85303263476564	4.18367562815547e-11	-3.438349927532394e-12	
594	0.0	-0.01098791208791178	178.85303263476564	4.18367562815547e-11	-2.085464706490161e-12	
595	0.0	-0.0012208791208793855	178.85303263476564	4.18367562815547e-11	-1.2648983185771108e-12	
596	0.0	-0.015871428571428647	178.85303263476564	4.18367562815547e-11	-7.671996324655853e-13	
597	0.0	-0.003662637362637484	178.85303263476564	4.18367562815547e-11	-4.653301118441036e-13	
598	0.0	0.01098791208791178	178.85303263476564	4.18367562815547e-11	-2.822369873841936e-13	
599	0.0	-0.0012208791208793855	178.85303263476564	4.18367562815547e-11	-1.711853908017035e-13	
600	0.0	-0.018313186813186746	178.85303263476564	4.18367562815547e-11	-1.0382919083489568e-13	
601	0.0	-0.023196703296702943	178.85303263476564	4.18367562815547e-11	-6.29755893250497e-14	
602	0.0	0.003662637362637484	178.85303263476564	4.18367562815547e-11	-3.8196626776670107e-14	
603	0.0	-0.008546153846153681	178.85303263476564	4.18367562815547e-11	-2.3167425866483727e-14	
604	0.0	0.0012208791208793855	178.85303263476564	4.18367562815547e-11	-1.4051754475651067e-14	
605	0.0	-0.01098791208791178	178.85303263476564	4.18367562815547e-11	-8.522820143575431e-15	
606	0.0	-0.003662637362637484	178.85303263476564	4.18367562815547e-11	-5.16935186477539e-15	
607	0.0	-0.0012208791208793855	178.85303263476564	4.18367562815547e-11	-3.135370482208975e-15	
608	0.0	0.0012208791208793855	178.85303263476564	4.18367562815547e-11	-1.901698378179117e-15	
609	0.0	0.0061043956043955825	178.85303263476564	4.18367562815547e-11	-1.1534384048845127e-15	
610	0.0	-0.008546153846153681	178.85303263476564	4.18367562815547e-11	-6.99595775669349e-16	
611	0.0	-0.0012208791208793855	178.85303263476564	4.18367562815547e-11	-4.243262987496809e-16	
612	0.0	-0.0012208791208793855	178.85303263476564	4.18367562815547e-11	-2.5736691611002377e-16	
613	0.0	-0.018313186813186746	178.85303263476564	4.18367562815547e-11	-1.5610093021270465e-16	
614	0.0	0.0012208791208793855	178.85303263476564	4.18367562815547e-11	-9.468000363867397e-17	
615	0.0	-0.01342967032967055	178.85303263476564	4.18367562815547e-11	-5.742632663940491e-17	
616	0.0	-0.015871428571428647	178.85303263476564	4.18367562815547e-11	-3.483082776197367e-17	
617	0.0	-0.028080219780219812	178.85303263476564	4.18367562815547e-11	-2.1125966197116487e-17	
618	0.0	-0.020754945054944844	178.85303263476564	4.18367562815547e-11	-1.2813546744280776e-17	
619	0.0	-0.015871428571428647	178.85303263476564	4.18367562815547e-11	-7.771809359647086e-18	
620	0.0	-0.0061043956043955825	178.85303263476564	4.18367562815547e-11	-4.713839681095219e-18	
621	0.0	-0.0012208791208793855	178.85303263476564	4.18367562815547e-11	-2.859088162333905e-18	
622	0.0	-0.0012208791208793855	178.85303263476564	4.18367562815547e-11	-1.734125010803625e-18	
623	0.0	0.0012208791208793855	178.85303263476564	4.18367562815547e-11	-1.0518002671208835e-18	
624	0.0	-0.01098791208791178	178.85303263476564	4.18367562815547e-11	-6.379489853611092e-19	
625	0.0	-0.003662637362637484	178.85303263476564	4.18367562815547e-11	-3.8693523821760507e-19	
626	0.0	-0.0061043956043955825	178.85303263476564	4.18367562815547e-11	-2.3468851057415756e-19	
627	0.0	0.01342967032967055	178.85303263476564	4.18367562815547e-11	-1.4234537571118777e-19	
628	0.0	-0.01098791208791178	178.85303263476564	4.18367562815547e-11	-8.633490848369088e-20	
629	0.0	0.008546153846153681	178.85303263476564	4.18367562815547e-11	-5.236425508736314e-20	
630	0.0	0.01098791208791178	178.85303263476564	4.18367562815547e-11	-3.1761253980198604e-20	
631	0.0	0.0012208791208793855	178.85303263476564	4.18367562815547e-11	-1.9264622876053738e-20	
632	0.0	0.008546153846153681	178.85303263476564	4.18367562815547e-11	-1.1683926152311516e-20	
633	0.0	-0.03540549450549411	178.85303263476564	4.18367562815547e-11	-7.086456307741788e-21	
634	0.0	-0.015871428571428647	178.85303263476564	4.18367562815547e-11	-4.297616872519255e-21	
635	0.0	-0.01098791208791178	178.85303263476564	4.18367562815547e-11	-2.6076868810734197e-21	
636	0.0	-0.015871428571428647	178.85303263476564	4.18367562815547e-11	-1.5819829215076654e-21	
637	0.0	-0.015871428571428647	178.85303263476564	4.18367562815547e-11	-9.595295105615121e-22	
638	0.0	-0.020754945054944844	178.85303263476564	4.18367562815547e-11	-5.815079706247785e-22	
639	0.0	-0.018313186813186746	178.85303263476564	4.18367562815547e-11	-3.5155176033503676e-22	
640	0.0	-0.023196703296702943	178.85303263476564	4.18367562815547e-11	-2.1341259803868114e-22	
641	0.0	-0.0012208791208793855	178.85303263476564	4.18367562815547e-11	-1.2904017555827232e-22	
642	0.0	-0.023196703296702943	178.85303263476564	4.18367562815547e-11	-7.858215819253763e-23	
643	0.0	-0.003662637362637484	178.85303263476564	4.18367562815547e-11	-4.7976475528075605e-23	
644	0.0	0.0012208791208793855	178.85303263476564	4.18367562815547e-11	-2.8537731133079455e-23	
645	0.0	-0.028080219780219812	178.85303263476564	4.18367562815547e-11	-1.6957202557337067e-23	
646	0.0	-0.018313186813186746	178.85303263476564	4.18367562815547e-11	-1.075334796318936e-23	
647	0.0	0.0012208791208793855	178.85303263476564	4.18367562815547e-11	-9.926167350636332e-24	
648	0.0	0.0012208791208793855	178.85303263476564	4.18367562815547e-11	-9.926167350636332e-24	
649	0.0	-0.0061043956043955825	178.85303263476564	4.18367562815547e-11	-9.926167350636332e-24	
650	0.0	-0.0061043956043955825	178.85303263476564	4.18367562815547e-11	-9.926167350636332e-24	
651	0.0	-0.0061043956043955825	178.85303263476564	4.18367562815547e-11	-9.926167350636332e-24	
652	0.0	-0.008546153846153681	178.85303263476564	4.18367562815547e-11	-9.926167350636332e-24	
653	0.0	-0.01098791208791178	178.85303263476564	4.18367562815547e-11	-9.926167350636332e-24	
654	0.0	-0.01342967032967055	178.85303263476564	4.18367562815547e-11	-9.926167350636332e-24	
655	0.0	-0.023196703296702943	178.85303263476564	4.18367562815547e-11	-9.926167350636332e-24	
656	0.0	-0.018313186813186746	178.85303263476564	4.18367562815547e-11	-9.926167350636332e-24	
657	0.0	-0.023196703296702943	178.85303263476564	4.18367562815547e-11	-9.926167350636332e-24	
658	0.0	-0.003662637362637484	178.85303263476564	4.18367562815547e-11	-9.926167350636332e-24	
659	0.0	-0.020754945054944844	178.85303263476564	4.18367562815547e-11	-9.926167350636332e-24	
660	0.0	-0.023196703296702943	178.85303263476564	4.18367562815547e-11	-9.926167350636332e-24	
661	0.0	-0.008546153846153681	178.85303263476564	4.18367562815547e-11	-9.926167350636332e-24	
662	0.0	-0.003662637362637484	178.85303263476564	4.18367562815547e-11	-9.926167350636332e-24	
663	0.0	-0.01098791208791178	178.85303263476564	4.18367562815547e-11	-9.926167350636332e-24	
664	0.0	-0.0061043956043955825	178.85303263476564	4.18367562815547e-11	-9.926167350636332e-24	
665	0.0	0.003662637362637484	178.85303263476564	4.18367562815547e-11	-9.926167350636332e-24	
666	0.0	-0.015871428571428647	178.85303263476564	4.18367562815547e-11	-9.926167350636332e-24	
667	0.0	-0.01098791208791178	178.85303263476564	4.18367562815547e-11	-9.926167350636332e-24	
668	0.0	-0.003662637362637484	178.85303263476564	4.18367562815547e-11	-9.926167350636332e-24	
669	0.0	-0.01098791208791178	178.85303263476564	4.18367562815547e-11	-9.926167350636332e-24	
670	0.0	0.015871428571428647	178.85303263476564	4.18367562815547e-11	-9.926167350636332e-24	
671	0.0	-0.003662637362637484	178.85303263476564	4.18367562815547e-11	-9.926167350636332e-24	
672	0.0	-0.008546153846153681	178.85303263476564	4.18367562815547e-11	-9.926167350636332e-24	
673	0.0	-0.008546153846153681	178.85303263476564	4.18367562815547e-11	-9.926167350636332e-24	
674	0.0	-0.01342967032967055	178.85303263476564	4.18367562815547e-11	-9.926167350636332e-24	
675	0.0	-0.01098791208791178	178.85303263476564	4.18367562815547e-11	-9.926167350636332e-24	
676	0.0	-0.0061043956043955825	178.85303263476564	4.18367562815547e-11	-9.926167350636332e-24	
677	0.0	-0.015871428571428647	178.85303263476564	4.18367562815547e-11	-9.926167350636332e-24	
678	0.0	-0.015871428571428647	178.85303263476564	4.18367562815547e-11	-9.926167350636332e-24	
679	0.0	-0.018313186813186746	178.85303263476564	4.18367562815547e-11	-9.926167350636332e-24	
680	0.0	-0.04028901098901098	178.85303263476564	4.18367562815547e-11	-9.926167350636332e-24	
681	0.0	-0.025638461538461714	178.85303263476564	4.18367562815547e-11	-9.926167350636332e-24	
682	0.0	-0.015871428571428647	178.85303263476564	4.18367562815547e-11	-9.926167350636332e-24	
683	0.0	-0.01098791208791178	178.85303263476564	4.18367562815547e-11	-9.926167350636332e-24	
684	0.0	0.0012208791208793855	178.85303263476564	4.18367562815547e-11	-9.926167350636332e-24	
685	0.0	0.0012208791208793855	178.85303263476564	4.18367562815547e-11	-9.926167350636332e-24	
686	0.0	-0.0012208791208793855	178.85303263476564	4.18367562815547e-11	-9.926167350636332e-24	
687	0.0	0.025638461538461714	178.85303263476564	4.18367562815547e-11	-9.926167350636332e-24	
688	0.0	-0.003662637362637484	178.85303263476564	4.18367562815547e-11	-9.926167350636332e-24	
689	0.0	0.01098791208791178	178.85303263476564	4.18367562815547e-11	-9.926167350636332e-24	
690	0.0	0.01342967032967055	178.85303263476564	4.18367562815547e-11	-9.926167350636332e-24	
691	0.0	-0.01098791208791178	178.85303263476564	4.18367562815547e-11	-9.926167350636332e-24	
692	0.0	-0.008546153846153681	178.85303263476564	4.18367562815547e-11	-9.926167350636332e-24	
693	0.0	-0.020754945054944844	178.85303263476564	4.18367562815547e-11	-9.926167350636332e-24	
694	0.0	-0.01342967032967055	178.85303263476564	4.18367562815547e-11	-9.926167350636332e-24	
695	0.0	-0.01098791208791178	178.85303263476564	4.18367562815547e-11	-9.926167350636332e-24	
696	0.0	-0.01342967032967055	178.85303263476564	4.18367562815547e-11	-9.926167350636332e-24	
697	0.0	-0.003662637362637484	178.85303263476564	4.18367562815547e-11	-9.926167350636332e-24	
698	0.0	-0.008546153846153681	178.85303263476564	4.18367562815547e-11	-9.926167350636332e-24	
699	0.0	-0.01098791208791178	178.85303263476564	4.18367562815547e-11	-9.926167350636332e-24	
700	0.0	-0.01098791208791178	178.85303263476564	4.18367562815547e-11	-9.926167350636332e-24	
701	0.0	-0.01342967032967055	178.85303263476564	4.18367562815547e-11	-9.926167350636332e-24	
702	0.0	-0.018313186813186746	178.85303263476564	4.18367562815547e-11	-9.926167350636332e-24	
703	0.0	-0.003662637362637484	178.85303263476564	4.18367562815547e-11	-9.926167350636332e-24	
704	0.0	-0.015871428571428647	178.85303263476564	4.18367562815547e-11	-9.926167350636332e-24	
705	0.0	-0.008546153846153681	178.85303263476564	4.18367562815547e-11	-9.926167350636332e-24	
